0 0.10216346153846154 0.4855769230769231 0.20432692307692307 0.24519230769230768
0 0.3137019230769231 0.5985576923076923 0.25961538461538464 0.23557692307692307
0 0.8064903846153846 0.8449519230769231 0.18990384615384615 0.1971153846153846
0 0.5817307692307693 0.7151442307692307 0.25240384615384615 0.21394230769230768
0 0.17307692307692307 0.3605769230769231 0.25240384615384615 0.23076923076923078
0 0.8966346153846154 0.7175480769230769 0.1466346153846154 0.17307692307692307
0 0.42908653846153844 0.47596153846153844 0.25240384615384615 0.23557692307692307
0 0.6850961538461539 0.6057692307692307 0.2403846153846154 0.21394230769230768
0 0.5300480769230769 0.390625 0.23076923076923078 0.2283653846153846
0 0.25961538461538464 0.2283653846153846 0.24759615384615385 0.22355769230769232
0 0.8004807692307693 0.4963942307692308 0.24278846153846154 0.22596153846153846
0 0.9567307692307693 0.5877403846153846 0.08173076923076923 0.17548076923076922
0 0.890625 0.38221153846153844 0.21394230769230768 0.20673076923076922
0 0.6201923076923077 0.24158653846153846 0.23076923076923078 0.21875
0 0.36658653846153844 0.11177884615384616 0.2620192307692308 0.22355769230769232
0 0.1346153846153846 0.8185096153846154 0.24759615384615385 0.18990384615384615
0 0.38221153846153844 0.9266826923076923 0.2548076923076923 0.14182692307692307
0 0.7271634615384616 0.14182692307692307 0.23317307692307693 0.21634615384615385
0 0.9387019230769231 0.27163461538461536 0.11778846153846154 0.21153846153846154
0 0.4723557692307692 0.04567307692307692 0.24278846153846154 0.09134615384615384
0 0.051682692307692304 0.6213942307692307 0.10336538461538461 0.22355769230769232
0 0.7151442307692307 0.9326923076923077 0.23317307692307693 0.12980769230769232
0 0.21875 0.7223557692307693 0.25 0.22596153846153846
0 0.47836538461538464 0.84375 0.3125 0.2860576923076923