0 0.9086538461538461 0.4567307692307692 0.1778846153846154 0.22115384615384615
0 0.7151442307692307 0.5492788461538461 0.24519230769230768 0.22115384615384615
0 0.203125 0.7860576923076923 0.24519230769230768 0.21634615384615385
0 0.45552884615384615 0.6490384615384616 0.2403846153846154 0.19951923076923078
0 0.8569711538461539 0.3269230769230769 0.2403846153846154 0.21634615384615385
0 0.11899038461538461 0.6610576923076923 0.21153846153846154 0.19951923076923078
0 0.609375 0.42788461538461536 0.2403846153846154 0.22115384615384615
0 0.3605769230769231 0.5432692307692307 0.2283653846153846 0.19951923076923078
0 0.515625 0.3425480769230769 0.21875 0.21634615384615385
0 0.7788461538461539 0.19951923076923078 0.23557692307692307 0.2091346153846154
0 0.2548076923076923 0.43509615384615385 0.23076923076923078 0.21394230769230768
0 0.06971153846153846 0.5336538461538461 0.13942307692307693 0.20192307692307693
0 0.39663461538461536 0.9579326923076923 0.27884615384615385 0.07932692307692307
0 0.16947115384615385 0.3233173076923077 0.2091346153846154 0.18990384615384615
0 0.43509615384615385 0.1971153846153846 0.21875 0.20673076923076922
0 0.6814903846153846 0.09375 0.24759615384615385 0.1875
0 0.8786057692307693 0.7884615384615384 0.23798076923076922 0.22596153846153846
0 0.6490384615384616 0.8966346153846154 0.2644230769230769 0.20192307692307693
0 0.026442307692307692 0.3918269230769231 0.052884615384615384 0.19230769230769232
0 0.33774038461538464 0.10336538461538461 0.21634615384615385 0.19951923076923078
0 0.09495192307692307 0.21875 0.18990384615384615 0.19230769230769232
0 0.5877403846153846 0.028846153846153848 0.2283653846153846 0.057692307692307696
0 0.9555288461538461 0.5889423076923077 0.08413461538461539 0.1971153846153846
0 0.29927884615384615 0.8966346153846154 0.2668269230769231 0.20192307692307693
0 0.8004807692307693 0.6694711538461539 0.23798076923076922 0.2091346153846154
0 0.5492788461538461 0.7764423076923077 0.2956730769230769 0.2668269230769231