0 0.10336538461538461 0.3858173076923077 0.20673076923076922 0.1658653846153846
0 0.3473557692307692 0.37740384615384615 0.20192307692307693 0.15625
0 0.8870192307692307 0.34134615384615385 0.20673076923076922 0.15144230769230768
0 0.6141826923076923 0.3762019230769231 0.20673076923076922 0.13221153846153846
0 0.14302884615384615 0.5276442307692307 0.1971153846153846 0.15384615384615385
0 0.9158653846153846 0.484375 0.16346153846153846 0.15144230769230768
0 0.39903846153846156 0.5228365384615384 0.19471153846153846 0.16105769230769232
0 0.6622596153846154 0.5048076923076923 0.18990384615384615 0.13942307692307693
0 0.4543269230769231 0.6310096153846154 0.17067307692307693 0.1658653846153846
0 0.16826923076923078 0.6706730769230769 0.19471153846153846 0.1466346153846154
0 0.71875 0.6382211538461539 0.18509615384615385 0.15384615384615385
0 0.9350961538461539 0.625 0.125 0.16346153846153846
0 0.7980769230769231 0.06490384615384616 0.25 0.12980769230769232
0 0.7584134615384616 0.7680288461538461 0.17067307692307693 0.13701923076923078
0 0.47716346153846156 0.7884615384615384 0.17548076923076922 0.15144230769230768
0 0.2127403846153846 0.8137019230769231 0.20192307692307693 0.16105769230769232
0 0.27163461538461536 0.09375 0.22115384615384615 0.17307692307692307
0 0.5276442307692307 0.078125 0.2283653846153846 0.15625
0 0.9495192307692307 0.7764423076923077 0.09615384615384616 0.15865384615384615
0 0.046875 0.12259615384615384 0.09375 0.1875
0 0.5324519230769231 0.9158653846153846 0.18028846153846154 0.16346153846153846
0 0.8028846153846154 0.9050480769230769 0.18028846153846154 0.15384615384615385
0 0.9759615384615384 0.8990384615384616 0.04326923076923077 0.12980769230769232
0 0.26322115384615385 0.9423076923076923 0.20432692307692307 0.11057692307692307
0 0.08533653846153846 0.2403846153846154 0.17067307692307693 0.15384615384615385
0 0.8461538461538461 0.1935096153846154 0.22115384615384615 0.1658653846153846
0 0.3125 0.23918269230769232 0.1971153846153846 0.1466346153846154
0 0.5721153846153846 0.22956730769230768 0.24519230769230768 0.18990384615384615