0 0.18990384615384615 0.15625 0.21153846153846154 0.22596153846153846
0 0.6430288461538461 0.4230769230769231 0.2620192307692308 0.22115384615384615
0 0.8737980769230769 0.5384615384615384 0.24759615384615385 0.23557692307692307
0 0.36899038461538464 0.3401442307692308 0.2620192307692308 0.22596153846153846
0 0.14783653846153846 0.328125 0.2764423076923077 0.2644230769230769
0 0.6021634615384616 0.5685096153846154 0.2620192307692308 0.23557692307692307
0 0.8557692307692307 0.6911057692307693 0.23076923076923078 0.21153846153846154
0 0.34375 0.4831730769230769 0.2403846153846154 0.21153846153846154
0 0.11538461538461539 0.4795673076923077 0.23076923076923078 0.24278846153846154
0 0.8125 0.8221153846153846 0.2091346153846154 0.20432692307692307
0 0.5757211538461539 0.7415865384615384 0.2692307692307692 0.24519230769230768
0 0.6899038461538461 0.11177884615384616 0.2692307692307692 0.21875
0 0.3245192307692308 0.65625 0.2764423076923077 0.24519230769230768
0 0.90625 0.22956730769230768 0.18269230769230768 0.22355769230769232
0 0.09495192307692307 0.6189903846153846 0.18990384615384615 0.23317307692307693
0 0.7692307692307693 0.9338942307692307 0.17307692307692307 0.12740384615384615
0 0.5348557692307693 0.890625 0.24759615384615385 0.21394230769230768
0 0.29086538461538464 0.8064903846153846 0.25 0.21153846153846154
0 0.44711538461538464 0.07692307692307693 0.2692307692307692 0.15384615384615385
0 0.08413461538461539 0.7632211538461539 0.16826923076923078 0.21875
0 0.5324519230769231 0.9519230769230769 0.25240384615384615 0.09134615384615384
0 0.27884615384615385 0.9026442307692307 0.25240384615384615 0.16826923076923078
0 0.2403846153846154 0.052884615384615384 0.17307692307692307 0.10576923076923077
0 0.8978365384615384 0.3701923076923077 0.19951923076923078 0.24519230769230768
0 0.671875 0.27283653846153844 0.3004807692307692 0.3004807692307692
0 0.3870192307692308 0.18509615384615385 0.2620192307692308 0.23798076923076922