0 0.9639423076923077 0.5745192307692307 0.0673076923076923 0.21153846153846154
0 0.47836538461538464 0.65625 0.27163461538461536 0.21153846153846154
0 0.20673076923076922 0.7235576923076923 0.2548076923076923 0.23317307692307693
0 0.7620192307692307 0.5348557692307693 0.27163461538461536 0.21875
0 0.9026442307692307 0.4050480769230769 0.18990384615384615 0.24759615384615385
0 0.41225961538461536 0.5084134615384616 0.2692307692307692 0.23076923076923078
0 0.11899038461538461 0.5841346153846154 0.23798076923076922 0.21153846153846154
0 0.6826923076923077 0.4014423076923077 0.24759615384615385 0.20673076923076922
0 0.8557692307692307 0.24158653846153846 0.21394230769230768 0.22355769230769232
0 0.08653846153846154 0.44471153846153844 0.17307692307692307 0.20673076923076922
0 0.3137019230769231 0.3485576923076923 0.2764423076923077 0.2403846153846154
0 0.6502403846153846 0.9182692307692307 0.27163461538461536 0.15865384615384615
0 0.5805288461538461 0.2439903846153846 0.2860576923076923 0.2403846153846154
0 0.35697115384615385 0.9579326923076923 0.2668269230769231 0.07932692307692307
0 0.8040865384615384 0.1045673076923077 0.23317307692307693 0.2091346153846154
0 0.046875 0.30649038461538464 0.09375 0.17548076923076922
0 0.24158653846153846 0.19230769230769232 0.25240384615384615 0.22115384615384615
0 0.5060096153846154 0.09975961538461539 0.2620192307692308 0.19951923076923078
0 0.8870192307692307 0.8245192307692307 0.22115384615384615 0.20673076923076922
0 0.026442307692307692 0.20793269230769232 0.052884615384615384 0.17067307692307693
0 0.7439903846153846 0.03125 0.2620192307692308 0.0625
0 0.17548076923076922 0.11778846153846154 0.25721153846153844 0.14423076923076922
0 0.4519230769230769 0.04447115384615385 0.2644230769230769 0.0889423076923077
0 0.28125 0.8858173076923077 0.2692307692307692 0.22355769230769232
0 0.5588942307692307 0.7992788461538461 0.30288461538461536 0.3004807692307692
0 0.8545673076923077 0.6742788461538461 0.2692307692307692 0.23317307692307693