0 0.9266826923076923 0.6574519230769231 0.14182692307692307 0.21394230769230768
0 0.4026442307692308 0.6899038461538461 0.2548076923076923 0.18509615384615385
0 0.13701923076923078 0.7247596153846154 0.23076923076923078 0.2091346153846154
0 0.6887019230769231 0.6009615384615384 0.25240384615384615 0.19471153846153846
0 0.8774038461538461 0.48197115384615385 0.2403846153846154 0.24278846153846154
0 0.3545673076923077 0.5420673076923077 0.24759615384615385 0.20432692307692307
0 0.08774038461538461 0.578125 0.17548076923076922 0.18028846153846154
0 0.6262019230769231 0.4639423076923077 0.23076923076923078 0.18269230769230768
0 0.8425480769230769 0.3233173076923077 0.25 0.2091346153846154
0 0.0625 0.43990384615384615 0.125 0.1778846153846154
0 0.2764423076923077 0.3762019230769231 0.2548076923076923 0.21394230769230768
0 0.5396634615384616 0.9459134615384616 0.25721153846153844 0.10336538461538461
0 0.5432692307692307 0.30288461538461536 0.2644230769230769 0.21394230769230768
0 0.9735576923076923 0.8701923076923077 0.04807692307692308 0.11057692307692307
0 0.25 0.96875 0.25 0.057692307692307696
0 0.7956730769230769 0.18028846153846154 0.24759615384615385 0.20192307692307693
0 0.03245192307692308 0.29927884615384615 0.06490384615384616 0.15144230769230768
0 0.22235576923076922 0.21875 0.23317307692307693 0.19471153846153846
0 0.4855769230769231 0.15264423076923078 0.24278846153846154 0.1778846153846154
0 0.7992788461538461 0.8882211538461539 0.24278846153846154 0.16346153846153846
0 0.016826923076923076 0.1778846153846154 0.03365384615384615 0.19230769230769232
0 0.7307692307692307 0.06610576923076923 0.2692307692307692 0.13221153846153846
0 0.1622596153846154 0.11778846153846154 0.2548076923076923 0.16346153846153846
0 0.43990384615384615 0.0625 0.2644230769230769 0.125
0 0.9483173076923077 0.7992788461538461 0.0985576923076923 0.1466346153846154
0 0.18870192307692307 0.8954326923076923 0.24759615384615385 0.20432692307692307
0 0.46634615384615385 0.8365384615384616 0.27403846153846156 0.27163461538461536
0 0.7632211538461539 0.7451923076923077 0.25 0.20673076923076922