0 0.15144230769230768 0.9879807692307693 0.23076923076923078 0.019230769230769232
0 0.06971153846153846 0.6430288461538461 0.12980769230769232 0.1971153846153846
0 0.3088942307692308 0.6262019230769231 0.22596153846153846 0.1971153846153846
0 0.6057692307692307 0.5949519230769231 0.24519230769230768 0.18990384615384615
0 0.8545673076923077 0.5420673076923077 0.2860576923076923 0.2283653846153846
0 0.04447115384615385 0.4795673076923077 0.0889423076923077 0.18990384615384615
0 0.5576923076923077 0.4387019230769231 0.2403846153846154 0.18509615384615385
0 0.24759615384615385 0.45913461538461536 0.21153846153846154 0.19230769230769232
0 0.8305288461538461 0.40024038461538464 0.2644230769230769 0.17067307692307693
0 0.025240384615384616 0.3389423076923077 0.05048076923076923 0.16346153846153846
0 0.5144230769230769 0.28725961538461536 0.22115384615384615 0.15384615384615385
0 0.9663461538461539 0.24759615384615385 0.04326923076923077 0.19471153846153846
0 0.2091346153846154 0.2980769230769231 0.22355769230769232 0.1778846153846154
0 0.7872596153846154 0.24759615384615385 0.25 0.18269230769230768
0 0.6862980769230769 0.9134615384615384 0.22115384615384615 0.16105769230769232
0 0.4110576923076923 0.9230769230769231 0.25961538461538464 0.14903846153846154
0 0.4639423076923077 0.15384615384615385 0.23798076923076922 0.1658653846153846
0 0.17067307692307693 0.15625 0.21153846153846154 0.17067307692307693
0 0.9435096153846154 0.07932692307692307 0.06490384615384616 0.15865384615384615
0 0.7548076923076923 0.09254807692307693 0.22115384615384615 0.18509615384615385
0 0.8978365384615384 0.8882211538461539 0.19951923076923078 0.18028846153846154
0 0.41225961538461536 0.055288461538461536 0.25721153846153844 0.11057692307692307
0 0.1201923076923077 0.057692307692307696 0.22596153846153846 0.07451923076923077
0 0.7283653846153846 0.015625 0.17307692307692307 0.03125
0 0.12860576923076922 0.9194711538461539 0.20432692307692307 0.15625
0 0.35216346153846156 0.7872596153846154 0.25240384615384615 0.19230769230769232
0 0.6490384615384616 0.7572115384615384 0.21875 0.20192307692307693
0 0.10096153846153846 0.7908653846153846 0.16826923076923078 0.17067307692307693
0 0.8810096153846154 0.7295673076923077 0.23317307692307693 0.21394230769230768