0 0.9723557692307693 0.7944711538461539 0.05048076923076923 0.10817307692307693
0 0.9362980769230769 0.4579326923076923 0.12259615384615384 0.2091346153846154
0 0.7536057692307693 0.546875 0.25240384615384615 0.23798076923076922
0 0.4891826923076923 0.6466346153846154 0.2692307692307692 0.23798076923076922
0 0.2512019230769231 0.7139423076923077 0.3245192307692308 0.28365384615384615
0 0.06129807692307692 0.6814903846153846 0.11538461538461539 0.18269230769230768
0 0.9170673076923077 0.30649038461538464 0.13701923076923078 0.18990384615384615
0 0.46274038461538464 0.4951923076923077 0.2620192307692308 0.23317307692307693
0 0.7331730769230769 0.3786057692307692 0.2403846153846154 0.23076923076923078
0 0.21634615384615385 0.578125 0.2764423076923077 0.2283653846153846
0 0.8762019230769231 0.17668269230769232 0.10336538461538461 0.15625
0 0.43509615384615385 0.3485576923076923 0.23798076923076922 0.19951923076923078
0 0.042067307692307696 0.5216346153846154 0.08413461538461539 0.20192307692307693
0 0.6971153846153846 0.22716346153846154 0.24759615384615385 0.22115384615384615
0 0.1875 0.4326923076923077 0.2692307692307692 0.23317307692307693
0 0.5576923076923077 0.9230769230769231 0.23557692307692307 0.14903846153846154
0 0.7992788461538461 0.8449519230769231 0.2668269230769231 0.21153846153846154
0 0.4206730769230769 0.21514423076923078 0.2548076923076923 0.21634615384615385
0 0.6682692307692307 0.0985576923076923 0.23557692307692307 0.1971153846153846
0 0.016826923076923076 0.3641826923076923 0.03365384615384615 0.18028846153846154
0 0.14543269230769232 0.28365384615384615 0.24519230769230768 0.23076923076923078
0 0.328125 0.9555288461538461 0.30528846153846156 0.08413461538461539
0 0.40865384615384615 0.0985576923076923 0.27884615384615385 0.1971153846153846
0 0.6586538461538461 0.026442307692307692 0.2403846153846154 0.052884615384615384
0 0.12139423076923077 0.17427884615384615 0.18509615384615385 0.15144230769230768
0 0.9591346153846154 0.7271634615384616 0.07692307692307693 0.21875
0 0.7848557692307693 0.7019230769230769 0.2764423076923077 0.24278846153846154
0 0.5228365384615384 0.8040865384615384 0.25 0.2403846153846154
0 0.9495192307692307 0.5961538461538461 0.09615384615384616 0.20192307692307693
0 0.28846153846153844 0.8786057692307693 0.3076923076923077 0.23798076923076922