0 0.13701923076923078 0.23557692307692307 0.18269230769230768 0.2091346153846154
0 0.3557692307692308 0.3161057692307692 0.24278846153846154 0.22596153846153846
0 0.6117788461538461 0.41947115384615385 0.25961538461538464 0.22355769230769232
0 0.8269230769230769 0.5300480769230769 0.3125 0.2668269230769231
0 0.9399038461538461 0.6790865384615384 0.10336538461538461 0.18028846153846154
0 0.07211538461538461 0.3762019230769231 0.14423076923076922 0.19471153846153846
0 0.5300480769230769 0.5456730769230769 0.25240384615384615 0.22115384615384615
0 0.25841346153846156 0.4495192307692308 0.23076923076923078 0.21875
0 0.7608173076923077 0.6502403846153846 0.2692307692307692 0.21394230769230768
0 0.03485576923076923 0.4951923076923077 0.06971153846153846 0.16346153846153846
0 0.4519230769230769 0.6694711538461539 0.2283653846153846 0.1875
0 0.8677884615384616 0.8293269230769231 0.13701923076923078 0.1971153846153846
0 0.18269230769230768 0.5805288461538461 0.23798076923076922 0.2091346153846154
0 0.6838942307692307 0.7740384615384616 0.25961538461538464 0.21875
0 0.7680288461538461 0.14783653846153846 0.23557692307692307 0.21153846153846154
0 0.5264423076923077 0.08653846153846154 0.2692307692307692 0.17307692307692307
0 0.37259615384615385 0.7752403846153846 0.24759615384615385 0.20432692307692307
0 0.11298076923076923 0.6983173076923077 0.22596153846153846 0.19951923076923078
0 0.8064903846153846 0.9447115384615384 0.1466346153846154 0.10576923076923077
0 0.6165865384615384 0.8978365384615384 0.23798076923076922 0.19951923076923078
0 0.9182692307692307 0.23798076923076922 0.15865384615384615 0.25
0 0.29086538461538464 0.8762019230769231 0.2668269230769231 0.21394230769230768
0 0.07451923076923077 0.8004807692307693 0.14903846153846154 0.1778846153846154
0 0.5600961538461539 0.9651442307692307 0.18269230769230768 0.06490384615384616
0 0.2644230769230769 0.051682692307692304 0.24519230769230768 0.10336538461538461
0 0.4362980769230769 0.18389423076923078 0.2644230769230769 0.2283653846153846
0 0.6923076923076923 0.2860576923076923 0.2403846153846154 0.2283653846153846
0 0.203125 0.11177884615384616 0.2091346153846154 0.1971153846153846
0 0.8834134615384616 0.3798076923076923 0.2283653846153846 0.25