0 0.09495192307692307 0.8076923076923077 0.18990384615384615 0.14903846153846154
0 0.734375 0.8689903846153846 0.28125 0.25721153846153844
0 0.3329326923076923 0.9278846153846154 0.25240384615384615 0.13942307692307693
0 0.5853365384615384 0.6682692307692307 0.2764423076923077 0.24759615384615385
0 0.1310096153846154 0.39302884615384615 0.2620192307692308 0.2620192307692308
0 0.3701923076923077 0.515625 0.25961538461538464 0.2403846153846154
0 0.8461538461538461 0.7163461538461539 0.27163461538461536 0.29086538461538464
0 0.4579326923076923 0.4098557692307692 0.25961538461538464 0.23557692307692307
0 0.6935096153846154 0.53125 0.3125 0.2980769230769231
0 0.2403846153846154 0.2668269230769231 0.2980769230769231 0.27884615384615385
0 0.9495192307692307 0.5709134615384616 0.09615384615384616 0.19471153846153846
0 0.5552884615384616 0.29927884615384615 0.2668269230769231 0.24519230769230768
0 0.7920673076923077 0.41947115384615385 0.2932692307692308 0.25721153846153844
0 0.37259615384615385 0.1346153846153846 0.3317307692307692 0.2692307692307692
0 0.6598557692307693 0.19110576923076922 0.28125 0.25961538461538464
0 0.8798076923076923 0.3293269230769231 0.23557692307692307 0.25961538461538464
0 0.5048076923076923 0.052884615384615384 0.25961538461538464 0.10576923076923077
0 0.7367788461538461 0.11658653846153846 0.24519230769230768 0.19471153846153846
0 0.9242788461538461 0.25240384615384615 0.1466346153846154 0.20192307692307693
0 0.3786057692307692 0.8846153846153846 0.27163461538461536 0.22596153846153846
0 0.14302884615384615 0.7451923076923077 0.2668269230769231 0.24519230769230768
0 0.6526442307692307 0.9387019230769231 0.27163461538461536 0.11778846153846154
0 0.0733173076923077 0.5180288461538461 0.1466346153846154 0.25721153846153844
0 0.47596153846153844 0.7752403846153846 0.2932692307692308 0.25721153846153844
0 0.25961538461538464 0.6394230769230769 0.27884615384615385 0.25240384615384615