0 0.10817307692307693 0.29447115384615385 0.21634615384615385 0.21394230769230768
0 0.3942307692307692 0.019230769230769232 0.2692307692307692 0.038461538461538464
0 0.3425480769230769 0.38221153846153844 0.25 0.18028846153846154
0 0.8846153846153846 0.3449519230769231 0.21634615384615385 0.1971153846153846
0 0.6165865384615384 0.38341346153846156 0.23076923076923078 0.18028846153846154
0 0.1141826923076923 0.055288461538461536 0.2283653846153846 0.0673076923076923
0 0.09975961538461539 0.4963942307692308 0.19951923076923078 0.25721153846153844
0 0.6045673076923077 0.5252403846153846 0.23557692307692307 0.17307692307692307
0 0.3329326923076923 0.5625 0.27163461538461536 0.23076923076923078
0 0.8713942307692307 0.5192307692307693 0.25240384615384615 0.21634615384615385
0 0.06370192307692307 0.703125 0.10576923076923077 0.18509615384615385
0 0.5877403846153846 0.6778846153846154 0.23557692307692307 0.18509615384615385
0 0.3161057692307692 0.7151442307692307 0.27163461538461536 0.1778846153846154
0 0.8569711538461539 0.7307692307692307 0.28125 0.2548076923076923
0 0.5637019230769231 0.8305288461538461 0.25240384615384615 0.19230769230769232
0 0.07091346153846154 0.8774038461538461 0.08413461538461539 0.14182692307692307
0 0.27163461538461536 0.8629807692307693 0.27163461538461536 0.18269230769230768
0 0.8930288461538461 0.04927884615384615 0.14182692307692307 0.0985576923076923
0 0.8125 0.9086538461538461 0.24759615384615385 0.1466346153846154
0 0.5444711538461539 0.9399038461538461 0.24759615384615385 0.11538461538461539
0 0.2548076923076923 0.9579326923076923 0.27403846153846156 0.07932692307692307
0 0.06850961538461539 0.9747596153846154 0.055288461538461536 0.04567307692307692
0 0.38822115384615385 0.07932692307692307 0.2620192307692308 0.15865384615384615
0 0.6730769230769231 0.07572115384615384 0.2403846153846154 0.15144230769230768
0 0.10817307692307693 0.14302884615384615 0.21634615384615385 0.17067307692307693
0 0.8954326923076923 0.17668269230769232 0.16826923076923078 0.21153846153846154
0 0.3737980769230769 0.2247596153846154 0.27163461538461536 0.18269230769230768
0 0.6370192307692307 0.21394230769230768 0.25240384615384615 0.18509615384615385