0 0.16346153846153846 0.9038461538461539 0.20192307692307693 0.08173076923076923
0 0.7980769230769231 0.8521634615384616 0.25721153846153844 0.2403846153846154
0 0.42908653846153844 0.96875 0.25240384615384615 0.057692307692307696
0 0.6129807692307693 0.6802884615384616 0.2644230769230769 0.21634615384615385
0 0.11899038461538461 0.5072115384615384 0.23798076923076922 0.23076923076923078
0 0.3713942307692308 0.5769230769230769 0.24519230769230768 0.21394230769230768
0 0.8737980769230769 0.6730769230769231 0.2403846153846154 0.27403846153846156
0 0.43509615384615385 0.45552884615384615 0.25 0.20673076923076922
0 0.6887019230769231 0.5252403846153846 0.2932692307692308 0.2668269230769231
0 0.1935096153846154 0.36177884615384615 0.28125 0.24759615384615385
0 0.9543269230769231 0.5036057692307693 0.08653846153846154 0.18990384615384615
0 0.5084134615384616 0.328125 0.25240384615384615 0.21634615384615385
0 0.7608173076923077 0.39663461538461536 0.28365384615384615 0.21875
0 0.28846153846153844 0.1814903846153846 0.3076923076923077 0.28846153846153844
0 0.5865384615384616 0.20192307692307693 0.2692307692307692 0.2283653846153846
0 0.8557692307692307 0.28365384615384615 0.28365384615384615 0.22115384615384615
0 0.036057692307692304 0.7860576923076923 0.07211538461538461 0.17307692307692307
0 0.40024038461538464 0.0673076923076923 0.2668269230769231 0.1346153846153846
0 0.6514423076923077 0.09735576923076923 0.25961538461538464 0.19471153846153846
0 0.8882211538461539 0.17668269230769232 0.21875 0.19471153846153846
0 0.4567307692307692 0.9182692307692307 0.2644230769230769 0.15865384615384615
0 0.20192307692307693 0.84375 0.25721153846153844 0.21634615384615385
0 0.7463942307692307 0.9411057692307693 0.2620192307692308 0.11298076923076923
0 0.07451923076923077 0.6478365384615384 0.14903846153846154 0.24278846153846154
0 0.5276442307692307 0.8088942307692307 0.28365384615384615 0.22115384615384615
0 0.29086538461538464 0.71875 0.2668269230769231 0.22115384615384615