0 0.7007211538461539 0.4807692307692308 0.2932692307692308 0.27403846153846156
0 0.9110576923076923 0.6514423076923077 0.17307692307692307 0.21634615384615385
0 0.42788461538461536 0.4014423076923077 0.3004807692307692 0.2860576923076923
0 0.18389423076923078 0.31971153846153844 0.31490384615384615 0.31971153846153844
0 0.6550480769230769 0.6574519230769231 0.2932692307692308 0.2668269230769231
0 0.4182692307692308 0.5408653846153846 0.2692307692307692 0.2283653846153846
0 0.8581730769230769 0.7944711538461539 0.15625 0.19230769230769232
0 0.7884615384615384 0.15625 0.25240384615384615 0.21153846153846154
0 0.13701923076923078 0.53125 0.27403846153846156 0.28365384615384615
0 0.3786057692307692 0.6899038461538461 0.31009615384615385 0.27884615384615385
0 0.6033653846153846 0.8173076923076923 0.2860576923076923 0.2620192307692308
0 0.7944711538461539 0.9194711538461539 0.14182692307692307 0.15625
0 0.11298076923076923 0.7055288461538461 0.22596153846153846 0.2764423076923077
0 0.3233173076923077 0.8605769230769231 0.28125 0.25961538461538464
0 0.5588942307692307 0.9302884615384616 0.27163461538461536 0.1346153846153846
0 0.08653846153846154 0.8112980769230769 0.17307692307692307 0.14182692307692307
0 0.5336538461538461 0.11778846153846154 0.3269230769230769 0.23557692307692307
0 0.9459134615384616 0.34134615384615385 0.10336538461538461 0.24519230769230768
0 0.75 0.29086538461538464 0.2668269230769231 0.25
0 0.26322115384615385 0.11899038461538461 0.28125 0.23798076923076922
0 0.9206730769230769 0.49038461538461536 0.15384615384615385 0.24519230769230768
0 0.48197115384615385 0.23557692307692307 0.30528846153846156 0.2764423076923077