0 0.6442307692307693 0.3401442307692308 0.2548076923076923 0.21634615384615385
0 0.9182692307692307 0.4230769230769231 0.15865384615384615 0.20192307692307693
0 0.3605769230769231 0.3641826923076923 0.25961538461538464 0.22596153846153846
0 0.11778846153846154 0.3798076923076923 0.23557692307692307 0.2692307692307692
0 0.6646634615384616 0.5240384615384616 0.25961538461538464 0.20432692307692307
0 0.4014423076923077 0.4987980769230769 0.25 0.16346153846153846
0 0.9242788461538461 0.5829326923076923 0.1466346153846154 0.18990384615384615
0 0.6069711538461539 0.039663461538461536 0.2283653846153846 0.07932692307692307
0 0.125 0.5973557692307693 0.25 0.22355769230769232
0 0.4170673076923077 0.6526442307692307 0.2764423076923077 0.21153846153846154
0 0.6754807692307693 0.6923076923076923 0.2548076923076923 0.20192307692307693
0 0.9134615384615384 0.7283653846153846 0.1346153846153846 0.17067307692307693
0 0.11057692307692307 0.018028846153846152 0.11538461538461539 0.036057692307692304
0 0.140625 0.7752403846153846 0.25240384615384615 0.21634615384615385
0 0.9122596153846154 0.8810096153846154 0.10336538461538461 0.18990384615384615
0 0.4266826923076923 0.8341346153846154 0.24759615384615385 0.20192307692307693
0 0.6911057692307693 0.8665865384615384 0.23798076923076922 0.1875
0 0.15384615384615385 0.9110576923076923 0.25240384615384615 0.1201923076923077
0 0.44350961538461536 0.9471153846153846 0.23317307692307693 0.10096153846153846
0 0.7151442307692307 0.9639423076923077 0.23798076923076922 0.0673076923076923
0 0.3389423076923077 0.07572115384615384 0.27403846153846156 0.15144230769230768
0 0.890625 0.11298076923076923 0.21394230769230768 0.15865384615384615
0 0.6225961538461539 0.14423076923076922 0.23076923076923078 0.19951923076923078
0 0.11538461538461539 0.13341346153846154 0.17307692307692307 0.24759615384615385
0 0.8966346153846154 0.2536057692307692 0.20192307692307693 0.20432692307692307
0 0.35096153846153844 0.18990384615384615 0.2692307692307692 0.21153846153846154