0 0.6105769230769231 0.35216346153846156 0.23076923076923078 0.19230769230769232
0 0.9014423076923077 0.3762019230769231 0.1875 0.1778846153846154
0 0.3545673076923077 0.4254807692307692 0.23317307692307693 0.19951923076923078
0 0.1201923076923077 0.48197115384615385 0.23076923076923078 0.2403846153846154
0 0.6622596153846154 0.5180288461538461 0.23557692307692307 0.18028846153846154
0 0.41586538461538464 0.5420673076923077 0.22596153846153846 0.14182692307692307
0 0.921875 0.5228365384615384 0.15144230769230768 0.17548076923076922
0 0.5204326923076923 0.05889423076923077 0.21394230769230768 0.11778846153846154
0 0.17548076923076922 0.6802884615384616 0.23557692307692307 0.19471153846153846
0 0.4579326923076923 0.6802884615384616 0.25 0.1875
0 0.7007211538461539 0.6694711538461539 0.2283653846153846 0.1778846153846154
0 0.9326923076923077 0.6610576923076923 0.12980769230769232 0.15865384615384615
0 0.056490384615384616 0.0985576923076923 0.11298076923076923 0.14423076923076922
0 0.22716346153846154 0.8413461538461539 0.2283653846153846 0.19230769230769232
0 0.953125 0.7992788461538461 0.0889423076923077 0.17548076923076922
0 0.5 0.84375 0.22355769230769232 0.1778846153846154
0 0.7475961538461539 0.8257211538461539 0.21394230769230768 0.16346153846153846
0 0.0733173076923077 0.9266826923076923 0.0985576923076923 0.14182692307692307
0 0.2668269230769231 0.9555288461538461 0.23557692307692307 0.08413461538461539
0 0.9903846153846154 0.9170673076923077 0.014423076923076924 0.0985576923076923
0 0.5360576923076923 0.9507211538461539 0.21634615384615385 0.09375
0 0.7908653846153846 0.9350961538461539 0.21875 0.10096153846153846
0 0.27884615384615385 0.11899038461538461 0.25240384615384615 0.22596153846153846
0 0.8076923076923077 0.08173076923076923 0.22596153846153846 0.16346153846153846
0 0.5552884615384616 0.1778846153846154 0.20673076923076922 0.17548076923076922
0 0.08413461538461539 0.25841346153846156 0.16826923076923078 0.23317307692307693
0 0.8461538461538461 0.2247596153846154 0.22115384615384615 0.1778846153846154
0 0.3161057692307692 0.26802884615384615 0.24519230769230768 0.1875