0 0.3581730769230769 0.7271634615384616 0.23557692307692307 0.1658653846153846
0 0.8822115384615384 0.9831730769230769 0.22115384615384615 0.028846153846153848
0 0.27524038461538464 0.9771634615384616 0.23317307692307693 0.040865384615384616
0 0.578125 0.9795673076923077 0.24278846153846154 0.036057692307692304
0 0.39302884615384615 0.5973557692307693 0.22596153846153846 0.17307692307692307
0 0.11177884615384616 0.5925480769230769 0.22355769230769232 0.15625
0 0.9399038461538461 0.6033653846153846 0.11538461538461539 0.15625
0 0.6790865384615384 0.5853365384615384 0.23317307692307693 0.18028846153846154
0 0.7127403846153846 0.44350961538461536 0.22115384615384615 0.16346153846153846
0 0.9555288461538461 0.44711538461538464 0.08413461538461539 0.1778846153846154
0 0.14543269230769232 0.43028846153846156 0.22355769230769232 0.14903846153846154
0 0.421875 0.43028846153846156 0.23076923076923078 0.18990384615384615
0 0.7596153846153846 0.2980769230769231 0.21153846153846154 0.17307692307692307
0 0.9639423076923077 0.2932692307692308 0.0673076923076923 0.12980769230769232
0 0.1935096153846154 0.2704326923076923 0.2091346153846154 0.18028846153846154
0 0.47596153846153844 0.25961538461538464 0.25721153846153844 0.19471153846153846
0 0.9807692307692307 0.16105769230769232 0.03365384615384615 0.1778846153846154
0 0.7980769230769231 0.13581730769230768 0.2091346153846154 0.18990384615384615
0 0.5096153846153846 0.12379807692307693 0.22596153846153846 0.15865384615384615
0 0.2247596153846154 0.09615384615384616 0.23798076923076922 0.16826923076923078
0 0.2644230769230769 0.03485576923076923 0.25961538461538464 0.06971153846153846
0 0.546875 0.03485576923076923 0.2283653846153846 0.0673076923076923
0 0.8497596153846154 0.03245192307692308 0.22355769230769232 0.05048076923076923
0 0.07211538461538461 0.9038461538461539 0.14423076923076922 0.1778846153846154
0 0.890625 0.9206730769230769 0.20192307692307693 0.1466346153846154
0 0.6069711538461539 0.9002403846153846 0.24278846153846154 0.19471153846153846
0 0.30649038461538464 0.8858173076923077 0.24519230769230768 0.17548076923076922
0 0.0889423076923077 0.7524038461538461 0.1778846153846154 0.15865384615384615
0 0.9086538461538461 0.7608173076923077 0.17067307692307693 0.19230769230769232
0 0.6382211538461539 0.7451923076923077 0.23798076923076922 0.17307692307692307