0 0.5444711538461539 0.75 0.24519230769230768 0.20673076923076922
0 0.06129807692307692 0.8269230769230769 0.12259615384615384 0.12980769230769232
0 0.5348557692307693 0.9663461538461539 0.22355769230769232 0.0625
0 0.2764423076923077 0.9134615384615384 0.22596153846153846 0.1346153846153846
0 0.5564903846153846 0.6286057692307693 0.23798076923076922 0.20673076923076922
0 0.7980769230769231 0.7115384615384616 0.23076923076923078 0.19230769230769232
0 0.08173076923076923 0.45913461538461536 0.16346153846153846 0.18269230769230768
0 0.31850961538461536 0.5300480769230769 0.24759615384615385 0.21634615384615385
0 0.33413461538461536 0.39903846153846156 0.23076923076923078 0.19951923076923078
0 0.10336538461538461 0.31850961538461536 0.17067307692307693 0.18990384615384615
0 0.8161057692307693 0.5637019230769231 0.23076923076923078 0.1875
0 0.5829326923076923 0.47716346153846156 0.24759615384615385 0.22355769230769232
0 0.33774038461538464 0.2620192307692308 0.2283653846153846 0.20673076923076922
0 0.14182692307692307 0.18629807692307693 0.14182692307692307 0.14423076923076922
0 0.8245192307692307 0.41225961538461536 0.22596153846153846 0.2091346153846154
0 0.5901442307692307 0.3173076923076923 0.27163461538461536 0.23557692307692307
0 0.16706730769230768 0.07932692307692307 0.13221153846153846 0.15865384615384615
0 0.3557692307692308 0.11298076923076923 0.2283653846153846 0.21875
0 0.6033653846153846 0.19230769230769232 0.23557692307692307 0.1971153846153846
0 0.8521634615384616 0.25600961538461536 0.25 0.2091346153846154
0 0.8485576923076923 0.15865384615384615 0.25961538461538464 0.19230769230769232
0 0.6105769230769231 0.0829326923076923 0.23557692307692307 0.1658653846153846
0 0.35336538461538464 0.03245192307692308 0.22596153846153846 0.06490384615384616
0 0.7572115384615384 0.9459134615384616 0.23076923076923078 0.10336538461538461
0 0.07211538461538461 0.7487980769230769 0.14423076923076922 0.18509615384615385
0 0.28125 0.8257211538461539 0.2548076923076923 0.23557692307692307
0 0.5396634615384616 0.8942307692307693 0.25721153846153844 0.20673076923076922
0 0.7860576923076923 0.8617788461538461 0.2283653846153846 0.18990384615384615
0 0.08413461538461539 0.6021634615384616 0.16826923076923078 0.22355769230769232
0 0.30288461538461536 0.6778846153846154 0.25 0.21153846153846154