0 0.6971153846153846 0.2824519230769231 0.25240384615384615 0.19471153846153846
0 0.8112980769230769 0.055288461538461536 0.23076923076923078 0.06009615384615385
0 0.5168269230769231 0.020432692307692308 0.2403846153846154 0.040865384615384616
0 0.6454326923076923 0.4050480769230769 0.24519230769230768 0.19951923076923078
0 0.8990384615384616 0.4483173076923077 0.1971153846153846 0.18509615384615385
0 0.09615384615384616 0.32211538461538464 0.16346153846153846 0.17307692307692307
0 0.3641826923076923 0.37740384615384615 0.25240384615384615 0.20673076923076922
0 0.3125 0.5120192307692307 0.23798076923076922 0.1875
0 0.06490384615384616 0.47475961538461536 0.12980769230769232 0.18990384615384615
0 0.8641826923076923 0.6033653846153846 0.23798076923076922 0.17548076923076922
0 0.59375 0.5649038461538461 0.25 0.21634615384615385
0 0.24519230769230768 0.6466346153846154 0.2283653846153846 0.19951923076923078
0 0.04326923076923077 0.6237980769230769 0.08653846153846154 0.14182692307692307
0 0.7956730769230769 0.7536057692307693 0.22596153846153846 0.20432692307692307
0 0.5168269230769231 0.7235576923076923 0.2764423076923077 0.22355769230769232
0 0.020432692307692308 0.75 0.040865384615384616 0.18269230769230768
0 0.18629807692307693 0.8004807692307693 0.2283653846153846 0.21394230769230768
0 0.46634615384615385 0.8509615384615384 0.24278846153846154 0.1875
0 0.7415865384615384 0.9086538461538461 0.25721153846153844 0.1778846153846154
0 0.6911057692307693 0.9603365384615384 0.2668269230769231 0.07451923076923077
0 0.41586538461538464 0.9423076923076923 0.23557692307692307 0.11057692307692307
0 0.11899038461538461 0.9074519230769231 0.2283653846153846 0.10576923076923077
0 0.9591346153846154 0.15625 0.07692307692307693 0.18269230769230768
0 0.19591346153846154 0.052884615384615384 0.23317307692307693 0.10576923076923077
0 0.47716346153846156 0.09615384615384616 0.2620192307692308 0.19230769230769232
0 0.7692307692307693 0.13341346153846154 0.2620192307692308 0.20432692307692307
0 0.9314903846153846 0.2956730769230769 0.13221153846153846 0.18269230769230768
0 0.14783653846153846 0.17307692307692307 0.22355769230769232 0.21634615384615385
0 0.4254807692307692 0.22716346153846154 0.25721153846153844 0.19951923076923078