0 0.9387019230769231 0.26802884615384615 0.11298076923076923 0.1875
0 0.4675480769230769 0.3076923076923077 0.22355769230769232 0.1466346153846154
0 0.037259615384615384 0.32091346153846156 0.07451923076923077 0.15625
0 0.7283653846153846 0.3076923076923077 0.21875 0.18990384615384615
0 0.921875 0.4326923076923077 0.15144230769230768 0.19951923076923078
0 0.17908653846153846 0.46274038461538464 0.2283653846153846 0.19230769230769232
0 0.44471153846153844 0.46153846153846156 0.23557692307692307 0.15625
0 0.7151442307692307 0.4651442307692308 0.21153846153846154 0.15625
0 0.25240384615384615 0.05048076923076923 0.24278846153846154 0.09375
0 0.02283653846153846 0.4831730769230769 0.04326923076923077 0.15384615384615385
0 0.5264423076923077 0.051682692307692304 0.25 0.10336538461538461
0 0.9170673076923077 0.5913461538461539 0.16105769230769232 0.16826923076923078
0 0.671875 0.6045673076923077 0.22355769230769232 0.17307692307692307
0 0.1466346153846154 0.6322115384615384 0.21153846153846154 0.21153846153846154
0 0.07211538461538461 0.06971153846153846 0.14423076923076922 0.12980769230769232
0 0.3870192307692308 0.65625 0.18269230769230768 0.1971153846153846
0 0.9110576923076923 0.7367788461538461 0.17307692307692307 0.18990384615384615
0 0.6478365384615384 0.7487980769230769 0.20432692307692307 0.1778846153846154
0 0.36899038461538464 0.8341346153846154 0.2091346153846154 0.16346153846153846
0 0.8870192307692307 0.9026442307692307 0.22115384615384615 0.18028846153846154
0 0.6105769230769231 0.9170673076923077 0.22115384615384615 0.15865384615384615
0 0.2439903846153846 0.12740384615384615 0.21394230769230768 0.0985576923076923
0 0.7668269230769231 0.15745192307692307 0.22596153846153846 0.19230769230769232
0 0.5072115384615384 0.16826923076923078 0.21394230769230768 0.15865384615384615
0 0.06009615384615385 0.18509615384615385 0.1201923076923077 0.15384615384615385
0 0.21153846153846154 0.265625 0.2403846153846154 0.21634615384615385