0 0.9591346153846154 0.4831730769230769 0.07692307692307693 0.21153846153846154
0 0.5576923076923077 0.32091346153846156 0.2644230769230769 0.22355769230769232
0 0.15264423076923078 0.14302884615384615 0.12740384615384615 0.17067307692307693
0 0.7992788461538461 0.43028846153846156 0.27884615384615385 0.2644230769230769
0 0.90625 0.6274038461538461 0.18269230769230768 0.2403846153846154
0 0.22355769230769232 0.33774038461538464 0.28846153846153844 0.27163461538461536
0 0.47115384615384615 0.453125 0.27884615384615385 0.23798076923076922
0 0.7175480769230769 0.5721153846153846 0.25961538461538464 0.23076923076923078
0 0.4699519230769231 0.042067307692307696 0.2668269230769231 0.08413461538461539
0 0.06971153846153846 0.28966346153846156 0.0985576923076923 0.15865384615384615
0 0.7235576923076923 0.10576923076923077 0.2692307692307692 0.19230769230769232
0 0.8425480769230769 0.7728365384615384 0.20432692307692307 0.21634615384615385
0 0.6177884615384616 0.6826923076923077 0.2764423076923077 0.25
0 0.1310096153846154 0.4807692307692308 0.2620192307692308 0.28365384615384615
0 0.3329326923076923 0.6069711538461539 0.25 0.25721153846153844
0 0.7764423076923077 0.8918269230769231 0.23076923076923078 0.21153846153846154
0 0.5336538461538461 0.8052884615384616 0.25961538461538464 0.24759615384615385
0 0.23798076923076922 0.765625 0.25961538461538464 0.23557692307692307
0 0.6875 0.9603365384615384 0.2644230769230769 0.07451923076923077
0 0.43149038461538464 0.9134615384615384 0.2620192307692308 0.16826923076923078
0 0.42908653846153844 0.07211538461538461 0.23798076923076922 0.14423076923076922
0 0.8762019230769231 0.3088942307692308 0.24278846153846154 0.27163461538461536
0 0.6538461538461539 0.20673076923076922 0.2620192307692308 0.23317307692307693
0 0.23076923076923078 0.06129807692307692 0.17307692307692307 0.12259615384615384
0 0.33653846153846156 0.16947115384615385 0.31009615384615385 0.2956730769230769