0 0.051682692307692304 0.7007211538461539 0.0985576923076923 0.20192307692307693
0 0.5516826923076923 0.65625 0.24278846153846154 0.15865384615384615
0 0.26802884615384615 0.6574519230769231 0.23798076923076922 0.20673076923076922
0 0.07091346153846154 0.5228365384615384 0.14182692307692307 0.21875
0 0.8677884615384616 0.4891826923076923 0.25 0.21153846153846154
0 0.5769230769230769 0.4891826923076923 0.25721153846153844 0.17067307692307693
0 0.28365384615384615 0.4855769230769231 0.23076923076923078 0.17067307692307693
0 0.7860576923076923 0.9423076923076923 0.2668269230769231 0.10576923076923077
0 0.48677884615384615 0.9399038461538461 0.27163461538461536 0.11538461538461539
0 0.07572115384615384 0.34975961538461536 0.15144230769230768 0.18028846153846154
0 0.33052884615384615 0.3329326923076923 0.24278846153846154 0.18990384615384615
0 0.8918269230769231 0.3016826923076923 0.20673076923076922 0.23076923076923078
0 0.9519230769230769 0.9206730769230769 0.09134615384615384 0.14423076923076922
0 0.6418269230769231 0.2764423076923077 0.20192307692307693 0.21634615384615385
0 0.08413461538461539 0.18629807692307693 0.16826923076923078 0.2091346153846154
0 0.35697115384615385 0.17548076923076922 0.22115384615384615 0.19471153846153846
0 0.6622596153846154 0.08653846153846154 0.23317307692307693 0.17307692307692307
0 0.11057692307692307 0.056490384615384616 0.22115384615384615 0.0985576923076923
0 0.39783653846153844 0.039663461538461536 0.23798076923076922 0.07451923076923077
0 0.7980769230769231 0.8545673076923077 0.23317307692307693 0.10576923076923077
0 0.22716346153846154 0.8209134615384616 0.24759615384615385 0.21153846153846154
0 0.5108173076923077 0.8100961538461539 0.23557692307692307 0.17307692307692307
0 0.9663461538461539 0.7920673076923077 0.0625 0.1658653846153846
0 0.8341346153846154 0.7019230769230769 0.2644230769230769 0.23557692307692307