0 0.7415865384615384 0.75 0.2403846153846154 0.22596153846153846
0 0.19230769230769232 0.7415865384615384 0.21153846153846154 0.14423076923076922
0 0.46634615384615385 0.7127403846153846 0.22355769230769232 0.17307692307692307
0 0.9483173076923077 0.6947115384615384 0.0985576923076923 0.17307692307692307
0 0.22235576923076922 0.5841346153846154 0.21875 0.19230769230769232
0 0.021634615384615384 0.5877403846153846 0.04326923076923077 0.14903846153846154
0 0.7884615384615384 0.5528846153846154 0.23798076923076922 0.19230769230769232
0 0.5036057692307693 0.5528846153846154 0.23798076923076922 0.20192307692307693
0 0.9711538461538461 0.515625 0.052884615384615384 0.17548076923076922
0 0.038461538461538464 0.43028846153846156 0.07692307692307693 0.17307692307692307
0 0.25240384615384615 0.41466346153846156 0.21875 0.17307692307692307
0 0.8076923076923077 0.3918269230769231 0.22115384615384615 0.17307692307692307
0 0.4170673076923077 0.9603365384615384 0.25721153846153844 0.07451923076923077
0 0.13221153846153846 0.9639423076923077 0.23557692307692307 0.0673076923076923
0 0.5252403846153846 0.37259615384615385 0.2283653846153846 0.19230769230769232
0 0.2668269230769231 0.2824519230769231 0.22355769230769232 0.14903846153846154
0 0.052884615384615384 0.27403846153846156 0.10576923076923077 0.16826923076923078
0 0.8449519230769231 0.23557692307692307 0.24278846153846154 0.20192307692307693
0 0.5685096153846154 0.22355769230769232 0.2283653846153846 0.18509615384615385
0 0.921875 0.9278846153846154 0.15144230769230768 0.125
0 0.3112980769230769 0.14182692307692307 0.24519230769230768 0.17307692307692307
0 0.6935096153846154 0.9290865384615384 0.28365384615384615 0.13942307692307693
0 0.8701923076923077 0.08774038461538461 0.23557692307692307 0.17548076923076922
0 0.06610576923076923 0.10336538461538461 0.13221153846153846 0.1778846153846154
0 0.5913461538461539 0.07572115384615384 0.22115384615384615 0.15144230769230768
0 0.3293269230769231 0.037259615384615384 0.22596153846153846 0.06490384615384616
0 0.16346153846153846 0.8786057692307693 0.22596153846153846 0.16105769230769232
0 0.4375 0.8605769230769231 0.23798076923076922 0.1778846153846154
0 0.9423076923076923 0.8221153846153846 0.11057692307692307 0.15865384615384615