0 0.7788461538461539 0.30408653846153844 0.25961538461538464 0.24759615384615385
0 0.2512019230769231 0.23918269230769232 0.21875 0.1658653846153846
0 0.06009615384615385 0.22596153846153846 0.0625 0.14903846153846154
0 0.5096153846153846 0.30408653846153844 0.23557692307692307 0.19230769230769232
0 0.953125 0.38822115384615385 0.0889423076923077 0.18028846153846154
0 0.25841346153846156 0.39302884615384615 0.23317307692307693 0.21153846153846154
0 0.051682692307692304 0.36177884615384615 0.09375 0.15144230769230768
0 0.7956730769230769 0.5 0.25 0.21394230769230768
0 0.5228365384615384 0.46153846153846156 0.25240384615384615 0.22355769230769232
0 0.9627403846153846 0.5600961538461539 0.06971153846153846 0.17307692307692307
0 0.055288461538461536 0.5132211538461539 0.11057692307692307 0.18509615384615385
0 0.2644230769230769 0.5600961538461539 0.23076923076923078 0.19230769230769232
0 0.7920673076923077 0.6550480769230769 0.23317307692307693 0.19230769230769232
0 0.4963942307692308 0.056490384615384616 0.25721153846153844 0.11298076923076923
0 0.22596153846153846 0.03245192307692308 0.23557692307692307 0.06490384615384616
0 0.5204326923076923 0.6358173076923077 0.24278846153846154 0.21394230769230768
0 0.25961538461538464 0.6887019230769231 0.23076923076923078 0.17067307692307693
0 0.05889423076923077 0.6646634615384616 0.11778846153846154 0.18028846153846154
0 0.8076923076923077 0.8100961538461539 0.25721153846153844 0.22355769230769232
0 0.5408653846153846 0.7848557692307693 0.2403846153846154 0.20432692307692307
0 0.9447115384615384 0.1502403846153846 0.10576923076923077 0.1658653846153846
0 0.28365384615384615 0.8269230769230769 0.2548076923076923 0.1971153846153846
0 0.7572115384615384 0.1141826923076923 0.29086538461538464 0.19471153846153846
0 0.8088942307692307 0.9278846153846154 0.25240384615384615 0.13942307692307693
0 0.05889423076923077 0.8317307692307693 0.11778846153846154 0.20192307692307693
0 0.5408653846153846 0.9206730769230769 0.22596153846153846 0.15384615384615385
0 0.2860576923076923 0.9350961538461539 0.22355769230769232 0.10096153846153846
0 0.24158653846153846 0.1045673076923077 0.23557692307692307 0.18269230769230768
0 0.5012019230769231 0.15865384615384615 0.25 0.20192307692307693
0 0.9555288461538461 0.2644230769230769 0.08413461538461539 0.16826923076923078