0 0.7415865384615384 0.28125 0.22115384615384615 0.2091346153846154
0 0.2283653846153846 0.29927884615384615 0.19471153846153846 0.13221153846153846
0 0.03365384615384615 0.3173076923076923 0.0625 0.14182692307692307
0 0.4855769230769231 0.32211538461538464 0.20673076923076922 0.15625
0 0.9423076923076923 0.3329326923076923 0.11057692307692307 0.16105769230769232
0 0.25961538461538464 0.44471153846153844 0.20192307692307693 0.17548076923076922
0 0.04567307692307692 0.44591346153846156 0.09134615384615384 0.13942307692307693
0 0.7872596153846154 0.4651442307692308 0.21875 0.1778846153846154
0 0.5204326923076923 0.47115384615384615 0.21875 0.18509615384615385
0 0.9663461538461539 0.4987980769230769 0.06490384615384616 0.15865384615384615
0 0.0625 0.5949519230769231 0.125 0.16105769230769232
0 0.28966346153846156 0.6033653846153846 0.20192307692307693 0.15625
0 0.8076923076923077 0.6153846153846154 0.20432692307692307 0.15625
0 0.4326923076923077 0.0625 0.23557692307692307 0.125
0 0.1658653846153846 0.0625 0.22115384615384615 0.125
0 0.5456730769230769 0.6382211538461539 0.2091346153846154 0.17548076923076922
0 0.30528846153846156 0.7271634615384616 0.20673076923076922 0.1346153846153846
0 0.07692307692307693 0.7391826923076923 0.15384615384615385 0.15625
0 0.8461538461538461 0.7620192307692307 0.22355769230769232 0.18509615384615385
0 0.5877403846153846 0.7764423076923077 0.2091346153846154 0.16826923076923078
0 0.9158653846153846 0.0889423076923077 0.16346153846153846 0.16826923076923078
0 0.3485576923076923 0.8569711538461539 0.22596153846153846 0.15865384615384615
0 0.6935096153846154 0.09014423076923077 0.2620192307692308 0.1778846153846154
0 0.8774038461538461 0.9086538461538461 0.23076923076923078 0.1778846153846154
0 0.09014423076923077 0.9038461538461539 0.18028846153846154 0.1778846153846154
0 0.6105769230769231 0.9182692307692307 0.1971153846153846 0.14182692307692307
0 0.36778846153846156 0.9615384615384616 0.2091346153846154 0.07211538461538461
0 0.19831730769230768 0.17307692307692307 0.2091346153846154 0.1466346153846154
0 0.45552884615384615 0.18509615384615385 0.22115384615384615 0.16346153846153846
0 0.9350961538461539 0.2127403846153846 0.125 0.1466346153846154