0 0.30288461538461536 0.3918269230769231 0.2548076923076923 0.2403846153846154
0 0.09134615384615384 0.5528846153846154 0.18269230769230768 0.22596153846153846
0 0.6899038461538461 0.29927884615384615 0.3125 0.2980769230769231
0 0.40024038461538464 0.5144230769230769 0.2692307692307692 0.25
0 0.16947115384615385 0.6670673076923077 0.27403846153846156 0.2644230769230769
0 0.12259615384615384 0.20072115384615385 0.24278846153846154 0.19951923076923078
0 0.5180288461538461 0.6165865384615384 0.2668269230769231 0.24278846153846154
0 0.8233173076923077 0.44711538461538464 0.30288461538461536 0.28846153846153844
0 0.26802884615384615 0.7800480769230769 0.23798076923076922 0.22596153846153846
0 0.4519230769230769 0.07451923076923077 0.27884615384615385 0.14903846153846154
0 0.6069711538461539 0.7271634615384616 0.25961538461538464 0.24519230769230768
0 0.8882211538461539 0.5612980769230769 0.21875 0.2668269230769231
0 0.359375 0.8870192307692307 0.24759615384615385 0.22115384615384615
0 0.7223557692307693 0.8401442307692307 0.2764423076923077 0.2620192307692308
0 0.4519230769230769 0.9375 0.2644230769230769 0.1201923076923077
0 0.9435096153846154 0.6814903846153846 0.10817307692307693 0.25721153846153844
0 0.7848557692307693 0.8846153846153846 0.17307692307692307 0.12259615384615384
0 0.21033653846153846 0.27884615384615385 0.27884615384615385 0.2403846153846154
0 0.06129807692307692 0.4338942307692308 0.12259615384615384 0.25240384615384615
0 0.5564903846153846 0.14783653846153846 0.31009615384615385 0.28365384615384615