0 0.30649038461538464 0.31009615384615385 0.22596153846153846 0.19951923076923078
0 0.06610576923076923 0.3798076923076923 0.13221153846153846 0.18269230769230768
0 0.7079326923076923 0.3473557692307692 0.27884615384615385 0.24759615384615385
0 0.3605769230769231 0.4579326923076923 0.24519230769230768 0.20192307692307693
0 0.109375 0.5264423076923077 0.21875 0.22596153846153846
0 0.19951923076923078 0.0829326923076923 0.2283653846153846 0.11057692307692307
0 0.4375 0.5949519230769231 0.24519230769230768 0.19471153846153846
0 0.7860576923076923 0.5336538461538461 0.2692307692307692 0.2403846153846154
0 0.14543269230769232 0.6670673076923077 0.21394230769230768 0.18990384615384615
0 0.5721153846153846 0.05048076923076923 0.25961538461538464 0.10096153846153846
0 0.48677884615384615 0.7295673076923077 0.23317307692307693 0.20432692307692307
0 0.8461538461538461 0.6742788461538461 0.2644230769230769 0.21394230769230768
0 0.19591346153846154 0.8028846153846154 0.22355769230769232 0.18269230769230768
0 0.020432692307692308 0.14302884615384615 0.040865384615384616 0.13221153846153846
0 0.5600961538461539 0.875 0.25 0.21394230769230768
0 0.24879807692307693 0.9194711538461539 0.24278846153846154 0.15625
0 0.8870192307692307 0.8377403846153846 0.22115384615384615 0.2283653846153846
0 0.6069711538461539 0.9495192307692307 0.18509615384615385 0.09615384615384616
0 0.3004807692307692 0.9903846153846154 0.20673076923076922 0.014423076923076924
0 0.2548076923076923 0.16947115384615385 0.2644230769230769 0.18509615384615385
0 0.054086538461538464 0.24278846153846154 0.10817307692307693 0.20673076923076922
0 0.6298076923076923 0.15985576923076922 0.28365384615384615 0.23076923076923078