0 0.6670673076923077 0.7223557692307693 0.1971153846153846 0.1658653846153846
0 0.9290865384615384 0.6983173076923077 0.13701923076923078 0.15625
0 0.28365384615384615 0.6153846153846154 0.24278846153846154 0.20673076923076922
0 0.640625 0.5685096153846154 0.21634615384615385 0.1658653846153846
0 0.9026442307692307 0.5456730769230769 0.18990384615384615 0.1875
0 0.7319711538461539 0.9603365384615384 0.21875 0.07451923076923077
0 0.5889423076923077 0.421875 0.21875 0.15625
0 0.23918269230769232 0.421875 0.23557692307692307 0.1971153846153846
0 0.8858173076923077 0.4014423076923077 0.1875 0.15625
0 0.3629807692307692 0.9483173076923077 0.2403846153846154 0.0985576923076923
0 0.5637019230769231 0.2824519230769231 0.20432692307692307 0.16826923076923078
0 0.20552884615384615 0.27403846153846156 0.23317307692307693 0.17307692307692307
0 0.859375 0.2608173076923077 0.1971153846153846 0.14903846153846154
0 0.9543269230769231 0.9411057692307693 0.08653846153846154 0.11298076923076923
0 0.5180288461538461 0.12740384615384615 0.21875 0.1778846153846154
0 0.8317307692307693 0.1201923076923077 0.21153846153846154 0.15625
0 0.17307692307692307 0.10216346153846154 0.2283653846153846 0.19230769230769232
0 0.4855769230769231 0.040865384615384616 0.17307692307692307 0.07692307692307693
0 0.796875 0.026442307692307692 0.1971153846153846 0.04807692307692308
0 0.6935096153846154 0.8665865384615384 0.2403846153846154 0.14182692307692307
0 0.9314903846153846 0.8353365384615384 0.1346153846153846 0.18028846153846154
0 0.3269230769230769 0.8125 0.25 0.1875