0 0.17908653846153846 0.4050480769230769 0.2956730769230769 0.2548076923076923
0 0.7319711538461539 0.22355769230769232 0.2620192307692308 0.23076923076923078
0 0.45913461538461536 0.3389423076923077 0.3076923076923077 0.25240384615384615
0 0.028846153846153848 0.5180288461538461 0.057692307692307696 0.16105769230769232
0 0.9038461538461539 0.21875 0.1201923076923077 0.23317307692307693
0 0.20432692307692307 0.5528846153846154 0.2764423076923077 0.24759615384615385
0 0.7415865384615384 0.39783653846153844 0.2668269230769231 0.2620192307692308
0 0.4735576923076923 0.4951923076923077 0.2764423076923077 0.22115384615384615
0 0.9314903846153846 0.3942307692307692 0.13221153846153846 0.22115384615384615
0 0.15625 0.140625 0.20673076923076922 0.1466346153846154
0 0.4182692307692308 0.0673076923076923 0.25961538461538464 0.1346153846153846
0 0.21634615384615385 0.7259615384615384 0.29086538461538464 0.2644230769230769
0 0.4879807692307692 0.6538461538461539 0.2860576923076923 0.2403846153846154
0 0.6850961538461539 0.027644230769230768 0.27403846153846156 0.055288461538461536
0 0.953125 0.6129807692307693 0.0889423076923077 0.25
0 0.23798076923076922 0.8918269230769231 0.2692307692307692 0.21153846153846154
0 0.019230769230769232 0.2439903846153846 0.038461538461538464 0.18028846153846154
0 0.7788461538461539 0.7427884615384616 0.2932692307692308 0.2620192307692308
0 0.5024038461538461 0.8449519230769231 0.33413461538461536 0.27884615384615385
0 0.9627403846153846 0.7644230769230769 0.06971153846153846 0.1875
0 0.27524038461538464 0.9735576923076923 0.23317307692307693 0.04807692307692308
0 0.7944711538461539 0.8653846153846154 0.25961538461538464 0.18028846153846154
0 0.5336538461538461 0.9435096153846154 0.25961538461538464 0.10817307692307693
0 0.17427884615384615 0.2536057692307692 0.25240384615384615 0.22596153846153846
0 0.6911057692307693 0.10697115384615384 0.3004807692307692 0.21394230769230768
0 0.43028846153846156 0.18629807692307693 0.2956730769230769 0.2548076923076923
0 0.02403846153846154 0.375 0.04807692307692308 0.1778846153846154