0 0.234375 0.2848557692307692 0.24759615384615385 0.18269230769230768
0 0.8064903846153846 0.29447115384615385 0.21634615384615385 0.16826923076923078
0 0.515625 0.3137019230769231 0.2620192307692308 0.17307692307692307
0 0.03365384615384615 0.33413461538461536 0.0673076923076923 0.1466346153846154
0 0.9711538461538461 0.34375 0.052884615384615384 0.2283653846153846
0 0.21153846153846154 0.43028846153846156 0.22596153846153846 0.18269230769230768
0 0.7596153846153846 0.4579326923076923 0.2091346153846154 0.20192307692307693
0 0.4795673076923077 0.46274038461538464 0.23798076923076922 0.14903846153846154
0 0.9495192307692307 0.5168269230769231 0.0985576923076923 0.1971153846153846
0 0.2980769230769231 0.039663461538461536 0.1875 0.07451923076923077
0 0.5721153846153846 0.039663461538461536 0.2403846153846154 0.07932692307692307
0 0.1658653846153846 0.5949519230769231 0.23798076923076922 0.19471153846153846
0 0.4423076923076923 0.6153846153846154 0.2403846153846154 0.16826923076923078
0 0.8485576923076923 0.04567307692307692 0.25 0.09134615384615384
0 0.9362980769230769 0.7427884615384616 0.12259615384615384 0.22115384615384615
0 0.12379807692307693 0.7668269230769231 0.2283653846153846 0.16826923076923078
0 0.07211538461538461 0.06850961538461539 0.14423076923076922 0.12740384615384615
0 0.6838942307692307 0.7896634615384616 0.2403846153846154 0.19230769230769232
0 0.3942307692307692 0.796875 0.28365384615384615 0.19471153846153846
0 0.9110576923076923 0.9086538461538461 0.17307692307692307 0.17307692307692307
0 0.1141826923076923 0.9206730769230769 0.21394230769230768 0.15384615384615385
0 0.6586538461538461 0.9266826923076923 0.23317307692307693 0.14182692307692307
0 0.38341346153846156 0.9387019230769231 0.24278846153846154 0.11778846153846154
0 0.2776442307692308 0.14302884615384615 0.2091346153846154 0.16346153846153846
0 0.8173076923076923 0.13942307692307693 0.23798076923076922 0.21153846153846154
0 0.5384615384615384 0.1622596153846154 0.24759615384615385 0.18269230769230768
0 0.052884615384615384 0.19230769230769232 0.10576923076923077 0.15384615384615385