0 0.8581730769230769 0.36177884615384615 0.27884615384615385 0.22355769230769232
0 0.27884615384615385 0.2800480769230769 0.24519230769230768 0.20432692307692307
0 0.5685096153846154 0.34615384615384615 0.29086538461538464 0.21875
0 0.07932692307692307 0.29927884615384615 0.13942307692307693 0.24519230769230768
0 0.859375 0.5132211538461539 0.25721153846153844 0.21875
0 0.29927884615384615 0.453125 0.24278846153846154 0.23798076923076922
0 0.5817307692307693 0.5036057692307693 0.2620192307692308 0.1875
0 0.08173076923076923 0.4795673076923077 0.16346153846153846 0.22355769230769232
0 0.8353365384615384 0.09615384615384616 0.20192307692307693 0.1201923076923077
0 0.5612980769230769 0.06129807692307692 0.25721153846153844 0.12259615384615384
0 0.8641826923076923 0.6862980769230769 0.24519230769230768 0.23317307692307693
0 0.5949519230769231 0.6634615384615384 0.2692307692307692 0.2091346153846154
0 0.27884615384615385 0.04326923076923077 0.2644230769230769 0.08653846153846154
0 0.078125 0.7091346153846154 0.15625 0.25
0 0.8581730769230769 0.8629807692307693 0.1875 0.1971153846153846
0 0.9867788461538461 0.15745192307692307 0.021634615384615384 0.15625
0 0.3233173076923077 0.8016826923076923 0.27403846153846156 0.23076923076923078
0 0.6141826923076923 0.8545673076923077 0.31490384615384615 0.2403846153846154
0 0.08774038461538461 0.859375 0.17548076923076922 0.17067307692307693
0 0.8449519230769231 0.9639423076923077 0.16105769230769232 0.0673076923076923
0 0.3293269230769231 0.9242788461538461 0.25240384615384615 0.14182692307692307
0 0.6069711538461539 0.9591346153846154 0.25721153846153844 0.07692307692307693
0 0.8377403846153846 0.2127403846153846 0.23557692307692307 0.19951923076923078
0 0.29447115384615385 0.125 0.2764423076923077 0.25
0 0.09375 0.10576923076923077 0.09375 0.18990384615384615
0 0.5709134615384616 0.18990384615384615 0.27884615384615385 0.22355769230769232