0 0.8293269230769231 0.25721153846153844 0.25240384615384615 0.1778846153846154
0 0.013221153846153846 0.4170673076923077 0.026442307692307692 0.12259615384615384
0 0.4879807692307692 0.4387019230769231 0.27163461538461536 0.2283653846153846
0 0.8209134615384616 0.38221153846153844 0.25240384615384615 0.15865384615384615
0 0.8257211538461539 0.5324519230769231 0.27403846153846156 0.2403846153846154
0 0.46634615384615385 0.6141826923076923 0.24278846153846154 0.20192307692307693
0 0.8317307692307693 0.03365384615384615 0.1875 0.0673076923076923
0 0.5108173076923077 0.06850961538461539 0.2620192307692308 0.13701923076923078
0 0.03125 0.1502403846153846 0.0625 0.15144230769230768
0 0.4723557692307692 0.7716346153846154 0.25961538461538464 0.1971153846153846
0 0.8209134615384616 0.7199519230769231 0.25721153846153844 0.22115384615384615
0 0.453125 0.9158653846153846 0.2620192307692308 0.16346153846153846
0 0.8052884615384616 0.8786057692307693 0.2644230769230769 0.18269230769230768
0 0.9831730769230769 0.8569711538461539 0.028846153846153848 0.12740384615384615
0 0.4254807692307692 0.9783653846153846 0.25961538461538464 0.038461538461538464
0 0.8353365384615384 0.12980769230769232 0.23317307692307693 0.19951923076923078
0 0.014423076923076924 0.28846153846153844 0.028846153846153848 0.15865384615384615
0 0.5012019230769231 0.20192307692307693 0.27884615384615385 0.25721153846153844