0 0.1875 0.7788461538461539 0.25721153846153844 0.19951923076923078
0 0.9735576923076923 0.5192307692307693 0.04807692307692308 0.12980769230769232
0 0.4987980769230769 0.5625 0.28125 0.24759615384615385
0 0.1814903846153846 0.65625 0.2548076923076923 0.18028846153846154
0 0.15865384615384615 0.5096153846153846 0.2860576923076923 0.25961538461538464
0 0.4987980769230769 0.3870192307692308 0.25240384615384615 0.21875
0 0.2247596153846154 0.9771634615384616 0.18990384615384615 0.040865384615384616
0 0.5288461538461539 0.921875 0.2692307692307692 0.15144230769230768
0 0.9699519230769231 0.7860576923076923 0.055288461538461536 0.1778846153846154
0 0.4735576923076923 0.234375 0.2692307692307692 0.21634615384615385
0 0.140625 0.32572115384615385 0.2668269230769231 0.23798076923076922
0 0.47475961538461536 0.09254807692307693 0.2668269230769231 0.18509615384615385
0 0.13581730769230768 0.16826923076923078 0.27163461538461536 0.2091346153846154
0 0.49158653846153844 0.030048076923076924 0.25240384615384615 0.06009615384615385
0 0.203125 0.8990384615384616 0.23317307692307693 0.1971153846153846
0 0.9783653846153846 0.6430288461538461 0.038461538461538464 0.1658653846153846
0 0.5144230769230769 0.7944711538461539 0.2932692307692308 0.2764423076923077