0 0.8713942307692307 0.29927884615384615 0.23557692307692307 0.14423076923076922
0 0.018028846153846152 0.3269230769230769 0.036057692307692304 0.1201923076923077
0 0.5036057692307693 0.4254807692307692 0.24759615384615385 0.19471153846153846
0 0.8425480769230769 0.421875 0.23798076923076922 0.125
0 0.8233173076923077 0.5721153846153846 0.24759615384615385 0.20673076923076922
0 0.4543269230769231 0.5973557692307693 0.22115384615384615 0.17067307692307693
0 0.9098557692307693 0.04927884615384615 0.1658653846153846 0.0985576923076923
0 0.5853365384615384 0.056490384615384616 0.25240384615384615 0.11298076923076923
0 0.06009615384615385 0.06610576923076923 0.1201923076923077 0.12259615384615384
0 0.43509615384615385 0.7536057692307693 0.2403846153846154 0.16346153846153846
0 0.7896634615384616 0.7584134615384616 0.23317307692307693 0.18990384615384615
0 0.39302884615384615 0.9014423076923077 0.24278846153846154 0.14182692307692307
0 0.75 0.9158653846153846 0.24759615384615385 0.15625
0 0.9591346153846154 0.9302884615384616 0.07692307692307693 0.12980769230769232
0 0.3557692307692308 0.9747596153846154 0.25961538461538464 0.04567307692307692
0 0.8930288461538461 0.17067307692307693 0.19951923076923078 0.1658653846153846
0 0.030048076923076924 0.19951923076923078 0.06009615384615385 0.15384615384615385
0 0.5540865384615384 0.19110576923076922 0.25240384615384615 0.22596153846153846