0 0.4879807692307692 0.3076923076923077 0.22355769230769232 0.20192307692307693
0 0.026442307692307692 0.34134615384615385 0.052884615384615384 0.17307692307692307
0 0.7764423076923077 0.3161057692307692 0.23317307692307693 0.20192307692307693
0 0.22716346153846154 0.35336538461538464 0.21875 0.1658653846153846
0 0.039663461538461536 0.5072115384615384 0.07932692307692307 0.20192307692307693
0 0.8269230769230769 0.4807692307692308 0.23317307692307693 0.20432692307692307
0 0.28725961538461536 0.5120192307692307 0.20432692307692307 0.17548076923076922
0 0.5480769230769231 0.5072115384615384 0.22596153846153846 0.17548076923076922
0 0.4230769230769231 0.04807692307692308 0.2403846153846154 0.09615384615384616
0 0.5685096153846154 0.6394230769230769 0.25721153846153844 0.14903846153846154
0 0.0733173076923077 0.6598557692307693 0.14182692307692307 0.14182692307692307
0 0.3161057692307692 0.6622596153846154 0.21875 0.1778846153846154
0 0.7007211538461539 0.05048076923076923 0.25721153846153844 0.10096153846153846
0 0.6081730769230769 0.7524038461538461 0.2283653846153846 0.17548076923076922
0 0.1466346153846154 0.06850961538461539 0.25240384615384615 0.12259615384615384
0 0.8882211538461539 0.7512019230769231 0.21875 0.22355769230769232
0 0.3293269230769231 0.7932692307692307 0.1875 0.17067307692307693
0 0.9266826923076923 0.057692307692307696 0.11778846153846154 0.11538461538461539
0 0.0985576923076923 0.8064903846153846 0.18269230769230768 0.18509615384615385
0 0.6646634615384616 0.9074519230769231 0.21634615384615385 0.17548076923076922
0 0.9074519230769231 0.9086538461538461 0.18028846153846154 0.15865384615384615
0 0.3918269230769231 0.9254807692307693 0.23076923076923078 0.14423076923076922
0 0.13581730769230768 0.9483173076923077 0.24278846153846154 0.0985576923076923
0 0.46153846153846156 0.15625 0.23798076923076922 0.19230769230769232
0 0.7367788461538461 0.15504807692307693 0.25240384615384615 0.16346153846153846
0 0.9435096153846154 0.16947115384615385 0.09134615384615384 0.12740384615384615
0 0.17427884615384615 0.1971153846153846 0.21394230769230768 0.16346153846153846
0 0.014423076923076924 0.20673076923076922 0.028846153846153848 0.13942307692307693