0 0.39663461538461536 0.3317307692307692 0.2620192307692308 0.25
0 0.8509615384615384 0.17668269230769232 0.16105769230769232 0.19471153846153846
0 0.14423076923076922 0.44711538461538464 0.27163461538461536 0.25240384615384615
0 0.6466346153846154 0.27283653846153844 0.24759615384615385 0.21634615384615385
0 0.8990384615384616 0.3293269230769231 0.1875 0.22596153846153846
0 0.1622596153846154 0.6117788461538461 0.27163461538461536 0.2548076923076923
0 0.6514423076923077 0.4362980769230769 0.23798076923076922 0.22115384615384615
0 0.41947115384615385 0.53125 0.25721153846153844 0.22596153846153846
0 0.35697115384615385 0.07932692307692307 0.25240384615384615 0.15865384615384615
0 0.45072115384615385 0.6550480769230769 0.2764423076923077 0.21394230769230768
0 0.9050480769230769 0.4795673076923077 0.18509615384615385 0.19471153846153846
0 0.6850961538461539 0.5805288461538461 0.25240384615384615 0.22596153846153846
0 0.12139423076923077 0.17307692307692307 0.24278846153846154 0.1875
0 0.4579326923076923 0.7716346153846154 0.25961538461538464 0.2283653846153846
0 0.609375 0.042067307692307696 0.2668269230769231 0.08413461538461539
0 0.21514423076923078 0.8701923076923077 0.25721153846153844 0.2548076923076923
0 0.7211538461538461 0.703125 0.22115384615384615 0.2091346153846154
0 0.9086538461538461 0.6177884615384616 0.1778846153846154 0.25
0 0.47475961538461536 0.9086538461538461 0.25721153846153844 0.1778846153846154
0 0.25841346153846156 0.9615384615384616 0.21394230769230768 0.07211538461538461
0 0.7223557692307693 0.8581730769230769 0.25961538461538464 0.23076923076923078
0 0.9134615384615384 0.7824519230769231 0.16826923076923078 0.21394230769230768
0 0.3641826923076923 0.18509615384615385 0.27163461538461536 0.24519230769230768
0 0.12980769230769232 0.29086538461538464 0.25961538461538464 0.22596153846153846
0 0.6358173076923077 0.1141826923076923 0.24278846153846154 0.21394230769230768
0 0.8137019230769231 0.0673076923076923 0.13701923076923078 0.1346153846153846