0 0.4987980769230769 0.28846153846153844 0.21875 0.1971153846153846
0 0.9675480769230769 0.3137019230769231 0.06009615384615385 0.17067307692307693
0 0.21394230769230768 0.3016826923076923 0.2283653846153846 0.1971153846153846
0 0.7608173076923077 0.3293269230769231 0.21634615384615385 0.16105769230769232
0 0.9543269230769231 0.4795673076923077 0.08653846153846154 0.19951923076923078
0 0.1658653846153846 0.4639423076923077 0.2283653846153846 0.19951923076923078
0 0.703125 0.48677884615384615 0.20192307692307693 0.17067307692307693
0 0.44350961538461536 0.48677884615384615 0.22115384615384615 0.17067307692307693
0 0.5600961538461539 0.037259615384615384 0.23557692307692307 0.07451923076923077
0 0.4254807692307692 0.6189903846153846 0.25240384615384615 0.14423076923076922
0 0.9230769230769231 0.6310096153846154 0.14903846153846154 0.13942307692307693
0 0.6778846153846154 0.6382211538461539 0.21634615384615385 0.17307692307692307
0 0.2860576923076923 0.042067307692307696 0.25961538461538464 0.08413461538461539
0 0.38822115384615385 0.7307692307692307 0.22596153846153846 0.17067307692307693
0 0.8341346153846154 0.054086538461538464 0.25 0.10096153846153846
0 0.109375 0.7367788461538461 0.21875 0.21875
0 0.6658653846153846 0.7668269230769231 0.18269230769230768 0.1658653846153846
0 0.06370192307692307 0.052884615384615384 0.10817307692307693 0.10576923076923077
0 0.9014423076923077 0.7764423076923077 0.18990384615384615 0.18028846153846154
0 0.33413461538461536 0.9002403846153846 0.21394230769230768 0.19471153846153846
0 0.09134615384615384 0.9038461538461539 0.18269230769230768 0.1778846153846154
0 0.6069711538461539 0.9146634615384616 0.2283653846153846 0.1658653846153846
0 0.8665865384615384 0.9326923076923077 0.25240384615384615 0.12980769230769232
0 0.5240384615384616 0.13581730769230768 0.23317307692307693 0.1875
0 0.25 0.140625 0.24759615384615385 0.15865384615384615
0 0.04927884615384615 0.15745192307692307 0.08173076923076923 0.125
0 0.8112980769230769 0.171875 0.2091346153846154 0.15865384615384615
0 0.9771634615384616 0.18028846153846154 0.040865384615384616 0.13942307692307693