0 0.6105769230769231 0.6983173076923077 0.17067307692307693 0.15625
0 0.3762019230769231 0.6177884615384616 0.17067307692307693 0.15384615384615385
0 0.8762019230769231 0.7259615384615384 0.18509615384615385 0.17548076923076922
0 0.11778846153846154 0.5348557692307693 0.18509615384615385 0.18509615384615385
0 0.44471153846153844 0.49399038461538464 0.17067307692307693 0.17067307692307693
0 0.9266826923076923 0.5925480769230769 0.14182692307692307 0.17067307692307693
0 0.19230769230769232 0.4014423076923077 0.2091346153846154 0.16826923076923078
0 0.75 0.4326923076923077 0.19951923076923078 0.15865384615384615
0 0.5 0.36177884615384615 0.15865384615384615 0.15384615384615385
0 0.9627403846153846 0.47115384615384615 0.06971153846153846 0.11057692307692307
0 0.25721153846153844 0.2704326923076923 0.1875 0.17307692307692307
0 0.7427884615384616 0.9639423076923077 0.1778846153846154 0.0673076923076923
0 0.24879807692307693 0.8810096153846154 0.16105769230769232 0.1466346153846154
0 0.9747596153846154 0.359375 0.04567307692307692 0.16105769230769232
0 0.5036057692307693 0.9182692307692307 0.22355769230769232 0.15865384615384615
0 0.04326923076923077 0.8052884615384616 0.08653846153846154 0.19230769230769232
0 0.5757211538461539 0.23317307692307693 0.14903846153846154 0.14903846153846154
0 0.28725961538461536 0.15865384615384615 0.17067307692307693 0.15384615384615385
0 0.8197115384615384 0.28846153846153844 0.16826923076923078 0.13942307692307693
0 0.36899038461538464 0.06610576923076923 0.16105769230769232 0.13221153846153846
0 0.8942307692307693 0.17427884615384615 0.18028846153846154 0.1466346153846154
0 0.8088942307692307 0.8822115384615384 0.1875 0.1658653846153846
0 0.2824519230769231 0.7427884615384616 0.19230769230769232 0.18509615384615385
0 0.5600961538461539 0.8088942307692307 0.17307692307692307 0.1466346153846154
0 0.07211538461538461 0.671875 0.14423076923076922 0.1658653846153846