0 0.6887019230769231 0.36177884615384615 0.17067307692307693 0.15625
0 0.4387019230769231 0.3269230769230769 0.17067307692307693 0.15384615384615385
0 0.9230769230769231 0.45913461538461536 0.14903846153846154 0.1778846153846154
0 0.16706730769230768 0.2824519230769231 0.18509615384615385 0.18509615384615385
0 0.4423076923076923 0.47115384615384615 0.17067307692307693 0.17307692307692307
0 0.9266826923076923 0.6045673076923077 0.14182692307692307 0.17067307692307693
0 0.171875 0.4387019230769231 0.21153846153846154 0.16826923076923078
0 0.6923076923076923 0.6682692307692307 0.19951923076923078 0.15865384615384615
0 0.4326923076923077 0.6165865384615384 0.16105769230769232 0.15384615384615385
0 0.9158653846153846 0.7367788461538461 0.0985576923076923 0.10817307692307693
0 0.171875 0.5865384615384616 0.18990384615384615 0.17548076923076922
0 0.9278846153846154 0.14903846153846154 0.13942307692307693 0.14903846153846154
0 0.44591346153846156 0.054086538461538464 0.1658653846153846 0.10817307692307693
0 0.8894230769230769 0.8533653846153846 0.10576923076923077 0.16105769230769232
0 0.7007211538461539 0.10576923076923077 0.22596153846153846 0.18269230769230768
0 0.18028846153846154 0.038461538461538464 0.1778846153846154 0.07692307692307693
0 0.4411057692307692 0.7680288461538461 0.14903846153846154 0.14903846153846154
0 0.1466346153846154 0.7019230769230769 0.17067307692307693 0.15384615384615385
0 0.6887019230769231 0.8293269230769231 0.17067307692307693 0.14182692307692307
0 0.171875 0.8329326923076923 0.16105769230769232 0.15144230769230768
0 0.8701923076923077 0.9615384615384616 0.08173076923076923 0.07211538461538461
0 0.7055288461538461 0.9459134615384616 0.18509615384615385 0.10336538461538461
0 0.9266826923076923 0.28846153846153844 0.14182692307692307 0.16826923076923078
0 0.4110576923076923 0.16947115384615385 0.19471153846153846 0.18509615384615385
0 0.6935096153846154 0.23918269230769232 0.17548076923076922 0.1466346153846154
0 0.16826923076923078 0.12860576923076922 0.18509615384615385 0.16346153846153846