0 0.5769230769230769 0.2776442307692308 0.18509615384615385 0.17307692307692307
0 0.3401442307692308 0.38341346153846156 0.18509615384615385 0.17067307692307693
0 0.8473557692307693 0.2247596153846154 0.1971153846153846 0.18990384615384615
0 0.09134615384615384 0.49278846153846156 0.18269230769230768 0.20673076923076922
0 0.421875 0.5060096153846154 0.18509615384615385 0.1875
0 0.9170673076923077 0.359375 0.15625 0.18028846153846154
0 0.16826923076923078 0.6262019230769231 0.22596153846153846 0.18990384615384615
0 0.7475961538461539 0.5420673076923077 0.21394230769230768 0.1778846153846154
0 0.49278846153846156 0.6394230769230769 0.17548076923076922 0.16826923076923078
0 0.9615384615384616 0.48197115384615385 0.07211538461538461 0.11778846153846154
0 0.24879807692307693 0.7560096153846154 0.20432692307692307 0.19230769230769232
0 0.6923076923076923 0.016826923076923076 0.1875 0.03365384615384615
0 0.18870192307692307 0.13341346153846154 0.17307692307692307 0.1466346153846154
0 0.9783653846153846 0.5997596153846154 0.038461538461538464 0.17067307692307693
0 0.4519230769230769 0.07572115384615384 0.23557692307692307 0.15144230769230768
0 0.5829326923076923 0.7668269230769231 0.16105769230769232 0.16105769230769232
0 0.28966346153846156 0.8713942307692307 0.18509615384615385 0.17067307692307693
0 0.8329326923076923 0.6850961538461539 0.18269230769230768 0.15625
0 0.38341346153846156 0.9423076923076923 0.17548076923076922 0.11057692307692307
0 0.9098557692307693 0.7992788461538461 0.17548076923076922 0.1658653846153846
0 0.7668269230769231 0.08173076923076923 0.20673076923076922 0.16346153846153846
0 0.22956730769230768 0.2608173076923077 0.21153846153846154 0.20432692307692307
0 0.5144230769230769 0.16706730769230768 0.1875 0.16346153846153846
0 0.05048076923076923 0.35697115384615385 0.10096153846153846 0.18509615384615385