0 0.20192307692307693 0.25841346153846156 0.2668269230769231 0.23076923076923078
0 0.5829326923076923 0.06009615384615385 0.28125 0.1201923076923077
0 0.5552884615384616 0.5288461538461539 0.23317307692307693 0.23798076923076922
0 0.8882211538461539 0.6430288461538461 0.22115384615384615 0.2548076923076923
0 0.19951923076923078 0.43149038461538464 0.28365384615384615 0.25240384615384615
0 0.5384615384615384 0.7247596153846154 0.2548076923076923 0.25
0 0.8533653846153846 0.84375 0.15865384615384615 0.19230769230769232
0 0.1814903846153846 0.6442307692307693 0.2764423076923077 0.25240384615384615
0 0.18269230769230768 0.8329326923076923 0.27403846153846156 0.23076923076923078
0 0.5757211538461539 0.16346153846153846 0.31971153846153844 0.28125
0 0.24519230769230768 0.1045673076923077 0.30288461538461536 0.2091346153846154
0 0.8701923076923077 0.42427884615384615 0.2548076923076923 0.31490384615384615
0 0.5516826923076923 0.3425480769230769 0.1875 0.15625