0 0.265625 0.7524038461538461 0.2692307692307692 0.24519230769230768
0 0.6670673076923077 0.9050480769230769 0.2764423076923077 0.18509615384615385
0 0.5612980769230769 0.43990384615384615 0.2403846153846154 0.24519230769230768
0 0.859375 0.28365384615384615 0.23076923076923078 0.2548076923076923
0 0.23677884615384615 0.5865384615384616 0.28846153846153844 0.2668269230769231
0 0.515625 0.25721153846153844 0.25961538461538464 0.25961538461538464
0 0.7956730769230769 0.09735576923076923 0.1658653846153846 0.18990384615384615
0 0.18990384615384615 0.38822115384615385 0.28125 0.2644230769230769
0 0.16105769230769232 0.20552884615384615 0.2764423076923077 0.25
0 0.6358173076923077 0.7860576923076923 0.32211538461538464 0.2956730769230769
0 0.3329326923076923 0.8882211538461539 0.30528846153846156 0.21875
0 0.8713942307692307 0.49158653846153844 0.25240384615384615 0.3245192307692308
0 0.5865384615384616 0.6177884615384616 0.1875 0.16826923076923078