0 0.7463942307692307 0.75 0.2692307692307692 0.24278846153846154
0 0.3485576923076923 0.9110576923076923 0.28365384615384615 0.17307692307692307
0 0.4375 0.44711538461538464 0.2403846153846154 0.24278846153846154
0 0.1310096153846154 0.29927884615384615 0.2283653846153846 0.2548076923076923
0 0.7692307692307693 0.5829326923076923 0.2860576923076923 0.2644230769230769
0 0.47716346153846156 0.2608173076923077 0.25961538461538464 0.25721153846153844
0 0.18990384615384615 0.11057692307692307 0.16346153846153846 0.18990384615384615
0 0.8112980769230769 0.38100961538461536 0.27884615384615385 0.2620192307692308
0 0.8329326923076923 0.1971153846153846 0.2764423076923077 0.24519230769230768
0 0.375 0.7980769230769231 0.32211538461538464 0.2932692307692308
0 0.6862980769230769 0.8894230769230769 0.30528846153846156 0.21634615384615385
0 0.12620192307692307 0.5096153846153846 0.25240384615384615 0.32211538461538464
0 0.4182692307692308 0.6274038461538461 0.1875 0.1658653846153846