0 0.12620192307692307 0.3737980769230769 0.25240384615384615 0.30528846153846156
0 0.39302884615384615 0.5132211538461539 0.3798076923076923 0.3317307692307692
0 0.7247596153846154 0.6887019230769231 0.33413461538461536 0.30288461538461536
0 0.39663461538461536 0.027644230769230768 0.3269230769230769 0.055288461538461536
0 0.7235576923076923 0.109375 0.3004807692307692 0.21634615384615385
0 0.042067307692307696 0.5408653846153846 0.08413461538461539 0.23557692307692307
0 0.5985576923076923 0.8353365384615384 0.31971153846153844 0.28846153846153844
0 0.25240384615384615 0.6875 0.4110576923076923 0.37740384615384615
0 0.4891826923076923 0.9242788461538461 0.3004807692307692 0.1466346153846154
0 0.14302884615384615 0.8064903846153846 0.2860576923076923 0.23317307692307693
0 0.9122596153846154 0.2956730769230769 0.17067307692307693 0.30288461538461536
0 0.6334134615384616 0.1935096153846154 0.3701923076923077 0.3245192307692308
0 0.3161057692307692 0.10336538461538461 0.33413461538461536 0.20673076923076922
0 0.8305288461538461 0.5 0.33413461538461536 0.3798076923076923
0 0.2247596153846154 0.19591346153846154 0.31009615384615385 0.31009615384615385
0 0.515625 0.34615384615384615 0.3701923076923077 0.3293269230769231