0 0.18990384615384615 0.29086538461538464 0.3245192307692308 0.31490384615384615
0 0.48197115384615385 0.43509615384615385 0.3485576923076923 0.30528846153846156
0 0.7908653846153846 0.5805288461538461 0.30528846153846156 0.27884615384615385
0 0.10817307692307693 0.7644230769230769 0.21634615384615385 0.25
0 0.3641826923076923 0.8990384615384616 0.2860576923076923 0.1971153846153846
0 0.2439903846153846 0.11778846153846154 0.24759615384615385 0.23557692307692307
0 0.8305288461538461 0.4074519230769231 0.2932692307692308 0.2668269230769231
0 0.5324519230769231 0.23557692307692307 0.375 0.34615384615384615
0 0.8641826923076923 0.234375 0.2668269230769231 0.2668269230769231
0 0.3125 0.02283653846153846 0.20673076923076922 0.04567307692307692
0 0.5637019230769231 0.09735576923076923 0.3004807692307692 0.19471153846153846
0 0.6514423076923077 0.9302884615384616 0.3317307692307692 0.1346153846153846
0 0.38100961538461536 0.7860576923076923 0.3389423076923077 0.2980769230769231
0 0.12860576923076922 0.6153846153846154 0.25721153846153844 0.3076923076923077
0 0.7295673076923077 0.7860576923076923 0.36538461538461536 0.34615384615384615
0 0.15144230769230768 0.4675480769230769 0.30288461538461536 0.3245192307692308
0 0.42908653846153844 0.6165865384615384 0.3389423076923077 0.30288461538461536