0 0.9519230769230769 0.2932692307692308 0.08173076923076923 0.24759615384615385
0 0.33413461538461536 0.36177884615384615 0.29086538461538464 0.2620192307692308
0 0.06009615384615385 0.39663461538461536 0.1201923076923077 0.19230769230769232
0 0.7151442307692307 0.3473557692307692 0.3245192307692308 0.23317307692307693
0 0.9399038461538461 0.5024038461538461 0.11538461538461539 0.18269230769230768
0 0.3641826923076923 0.03245192307692308 0.27163461538461536 0.06490384615384616
0 0.3233173076923077 0.5901442307692307 0.31009615384615385 0.25240384615384615
0 0.6778846153846154 0.59375 0.37740384615384615 0.3245192307692308
0 0.7680288461538461 0.019230769230769232 0.31971153846153844 0.038461538461538464
0 0.9362980769230769 0.6923076923076923 0.12259615384615384 0.2644230769230769
0 0.0889423076923077 0.08173076923076923 0.1778846153846154 0.10096153846153846
0 0.29927884615384615 0.8161057692307693 0.3245192307692308 0.23317307692307693
0 0.6694711538461539 0.8100961538461539 0.3269230769230769 0.19471153846153846
0 0.9158653846153846 0.8786057692307693 0.16346153846153846 0.17067307692307693
0 0.2800480769230769 0.9447115384615384 0.2860576923076923 0.10576923076923077
0 0.6394230769230769 0.9314903846153846 0.2932692307692308 0.1346153846153846
0 0.3485576923076923 0.1466346153846154 0.2644230769230769 0.22355769230769232
0 0.9471153846153846 0.10096153846153846 0.04807692307692308 0.20192307692307693
0 0.7560096153846154 0.12379807692307693 0.31009615384615385 0.24759615384615385
0 0.06850961538461539 0.20793269230769232 0.13701923076923078 0.19951923076923078