0 0.9350961538461539 0.37259615384615385 0.12740384615384615 0.23317307692307693
0 0.3076923076923077 0.3870192307692308 0.25961538461538464 0.2283653846153846
0 0.04567307692307692 0.3954326923076923 0.09134615384615384 0.17307692307692307
0 0.671875 0.40384615384615385 0.2932692307692308 0.19951923076923078
0 0.9110576923076923 0.5697115384615384 0.17307692307692307 0.16826923076923078
0 0.3641826923076923 0.046875 0.25721153846153844 0.09375
0 0.27884615384615385 0.6021634615384616 0.27884615384615385 0.21634615384615385
0 0.6153846153846154 0.6346153846153846 0.33653846153846156 0.28125
0 0.75 0.052884615384615384 0.30288461538461536 0.10576923076923077
0 0.9014423076923077 0.75 0.19230769230769232 0.24519230769230768
0 0.09134615384615384 0.07091346153846154 0.18269230769230768 0.13221153846153846
0 0.23677884615384615 0.8149038461538461 0.2932692307692308 0.19951923076923078
0 0.5889423076923077 0.8401442307692307 0.3004807692307692 0.16105769230769232
0 0.8713942307692307 0.9242788461538461 0.25240384615384615 0.14182692307692307
0 0.2091346153846154 0.9471153846153846 0.2644230769230769 0.10096153846153846
0 0.5504807692307693 0.9483173076923077 0.27403846153846156 0.09615384615384616
0 0.3389423076923077 0.18269230769230768 0.23557692307692307 0.19471153846153846
0 0.9471153846153846 0.1778846153846154 0.09615384615384616 0.21153846153846154
0 0.7271634615384616 0.18870192307692307 0.2764423076923077 0.22596153846153846
0 0.06370192307692307 0.21634615384615385 0.12740384615384615 0.1778846153846154