0 0.109375 0.7055288461538461 0.1971153846153846 0.2692307692307692
0 0.7247596153846154 0.5144230769230769 0.3173076923076923 0.2956730769230769
0 0.953125 0.4375 0.0889423076923077 0.1875
0 0.36177884615384615 0.5997596153846154 0.34375 0.2764423076923077
0 0.09375 0.5072115384615384 0.1875 0.21634615384615385
0 0.7692307692307693 0.8774038461538461 0.2860576923076923 0.18990384615384615
0 0.6923076923076923 0.29447115384615385 0.3317307692307692 0.29086538461538464
0 0.35216346153846156 0.35697115384615385 0.40865384615384615 0.36778846153846156
0 0.390625 0.9375 0.33413461538461536 0.1201923076923077
0 0.08413461538461539 0.3269230769230769 0.16826923076923078 0.2932692307692308
0 0.9591346153846154 0.7800480769230769 0.07692307692307693 0.19951923076923078
0 0.6754807692307693 0.10697115384615384 0.34615384615384615 0.21394230769230768
0 0.31971153846153844 0.14783653846153846 0.3389423076923077 0.2403846153846154
0 0.08052884615384616 0.17307692307692307 0.16105769230769232 0.15865384615384615
0 0.33533653846153844 0.05889423076923077 0.28125 0.11778846153846154
0 0.7512019230769231 0.7235576923076923 0.28365384615384615 0.2548076923076923
0 0.15264423076923078 0.8894230769230769 0.16105769230769232 0.21634615384615385
0 0.36778846153846156 0.828125 0.3317307692307692 0.2980769230769231
0 0.9627403846153846 0.6177884615384616 0.06971153846153846 0.20192307692307693