0 0.037259615384615384 0.39302884615384615 0.07451923076923077 0.25240384615384615
0 0.6490384615384616 0.390625 0.31490384615384615 0.21875
0 0.28966346153846156 0.40625 0.2980769230769231 0.23798076923076922
0 0.9290865384615384 0.4206730769230769 0.1346153846153846 0.19230769230769232
0 0.6983173076923077 0.5877403846153846 0.2980769230769231 0.21153846153846154
0 0.06490384615384616 0.6394230769230769 0.12740384615384615 0.2644230769230769
0 0.9663461538461539 0.6237980769230769 0.0625 0.1658653846153846
0 0.35336538461538464 0.6346153846153846 0.27163461538461536 0.2283653846153846
0 0.19230769230769232 0.06490384615384616 0.2620192307692308 0.125
0 0.38100961538461536 0.8064903846153846 0.28125 0.17307692307692307
0 0.5637019230769231 0.06490384615384616 0.31490384615384615 0.12980769230769232
0 0.7427884615384616 0.8197115384615384 0.31490384615384615 0.25721153846153844
0 0.09975961538461539 0.8762019230769231 0.19471153846153846 0.24278846153846154
0 0.8918269230769231 0.07211538461538461 0.20192307692307693 0.14423076923076922
0 0.4254807692307692 0.9326923076923077 0.27884615384615385 0.12980769230769232
0 0.7788461538461539 0.9447115384615384 0.3125 0.0985576923076923
0 0.22716346153846154 0.20432692307692307 0.2668269230769231 0.19471153846153846
0 0.5997596153846154 0.20673076923076922 0.31971153846153844 0.21153846153846154
0 0.9134615384615384 0.21995192307692307 0.15865384615384615 0.19230769230769232