0 0.8485576923076923 0.7992788461538461 0.20673076923076922 0.2668269230769231
0 0.3076923076923077 0.4879807692307692 0.375 0.33653846153846156
0 0.6274038461538461 0.6538461538461539 0.3701923076923077 0.34615384615384615
0 0.09254807692307693 0.3293269230769231 0.18509615384615385 0.22115384615384615
0 0.36177884615384615 0.2932692307692308 0.3581730769230769 0.32211538461538464
0 0.90625 0.5709134615384616 0.18269230769230768 0.31009615384615385
0 0.15745192307692307 0.13341346153846154 0.11298076923076923 0.16105769230769232
0 0.6850961538461539 0.4254807692307692 0.34375 0.3269230769230769
0 0.5360576923076923 0.9399038461538461 0.2980769230769231 0.11538461538461539
0 0.7463942307692307 0.26322115384615385 0.3245192307692308 0.28125
0 0.21514423076923078 0.8257211538461539 0.34615384615384615 0.28125
0 0.4411057692307692 0.12860576923076922 0.39663461538461536 0.25721153846153844
0 0.9423076923076923 0.35336538461538464 0.11057692307692307 0.2980769230769231
0 0.028846153846153848 0.6622596153846154 0.057692307692307696 0.23317307692307693
0 0.7680288461538461 0.14182692307692307 0.29086538461538464 0.22596153846153846
0 0.46634615384615385 0.030048076923076924 0.3076923076923077 0.06009615384615385
0 0.5805288461538461 0.8557692307692307 0.3245192307692308 0.28365384615384615
0 0.25841346153846156 0.6742788461538461 0.37740384615384615 0.33413461538461536
0 0.054086538461538464 0.5108173076923077 0.10817307692307693 0.23317307692307693