0 0.1658653846153846 0.8317307692307693 0.20673076923076922 0.27163461538461536
0 0.7271634615384616 0.5108173076923077 0.3894230769230769 0.35096153846153844
0 0.3942307692307692 0.6838942307692307 0.38461538461538464 0.3605769230769231
0 0.9266826923076923 0.35216346153846156 0.14182692307692307 0.21394230769230768
0 0.6694711538461539 0.3076923076923077 0.37259615384615385 0.33653846153846156
0 0.0985576923076923 0.5949519230769231 0.1971153846153846 0.31490384615384615
0 0.33413461538461536 0.44471153846153844 0.3557692307692308 0.3389423076923077
0 0.47716346153846156 0.9567307692307693 0.29086538461538464 0.08173076923076923
0 0.2692307692307692 0.27524038461538464 0.3389423076923077 0.2932692307692308
0 0.8125 0.8377403846153846 0.3317307692307692 0.24759615384615385
0 0.5877403846153846 0.1346153846153846 0.4110576923076923 0.2692307692307692
0 0.0625 0.3641826923076923 0.125 0.31490384615384615
0 0.24519230769230768 0.14423076923076922 0.31009615384615385 0.24519230769230768
0 0.5588942307692307 0.03365384615384615 0.3245192307692308 0.0673076923076923
0 0.44471153846153844 0.8713942307692307 0.33653846153846156 0.25240384615384615
0 0.7788461538461539 0.703125 0.3918269230769231 0.3485576923076923
0 0.9663461538461539 0.5408653846153846 0.0625 0.22596153846153846