0 0.9098557692307693 0.35336538461538464 0.17548076923076922 0.3125
0 0.5649038461538461 0.4375 0.2956730769230769 0.23076923076923078
0 0.19230769230769232 0.43149038461538464 0.3125 0.24759615384615385
0 0.8798076923076923 0.6117788461538461 0.23557692307692307 0.28125
0 0.5084134615384616 0.6418269230769231 0.2860576923076923 0.21394230769230768
0 0.1502403846153846 0.6586538461538461 0.3004807692307692 0.2692307692307692
0 0.8425480769230769 0.8413461538461539 0.30288461538461536 0.2668269230769231
0 0.4735576923076923 0.8509615384615384 0.29086538461538464 0.2548076923076923
0 0.6826923076923077 0.052884615384615384 0.3004807692307692 0.10336538461538461
0 0.7980769230769231 0.9711538461538461 0.2932692307692308 0.052884615384615384
0 0.29447115384615385 0.07211538461538461 0.33413461538461536 0.14423076923076922
0 0.9362980769230769 0.09735576923076923 0.12259615384615384 0.18509615384615385
0 0.6189903846153846 0.2091346153846154 0.3245192307692308 0.2644230769230769
0 0.23798076923076922 0.22115384615384615 0.3076923076923077 0.21875