0 0.203125 0.2403846153846154 0.34375 0.36778846153846156
0 0.515625 0.4699519230769231 0.34375 0.31009615384615385
0 0.8305288461538461 0.6105769230769231 0.33413461538461536 0.3317307692307692
0 0.15985576923076922 0.48197115384615385 0.31971153846153844 0.3581730769230769
0 0.4855769230769231 0.6730769230769231 0.3317307692307692 0.2932692307692308
0 0.7740384615384616 0.8185096153846154 0.3173076923076923 0.3269230769230769
0 0.14423076923076922 0.7103365384615384 0.28846153846153844 0.3485576923076923
0 0.4338942307692308 0.8509615384615384 0.35336538461538464 0.2932692307692308
0 0.5733173076923077 0.09254807692307693 0.3245192307692308 0.18509615384615385
0 0.1201923076923077 0.8485576923076923 0.2403846153846154 0.14903846153846154
0 0.8617788461538461 0.22956730769230768 0.27163461538461536 0.2956730769230769
0 0.28846153846153844 0.06129807692307692 0.2692307692307692 0.12259615384615384
0 0.5552884615384616 0.24519230769230768 0.38221153846153844 0.35096153846153844
0 0.8545673076923077 0.40625 0.2860576923076923 0.3076923076923077