0 0.84375 0.3088942307692308 0.2980769230769231 0.33653846153846156
0 0.5300480769230769 0.4855769230769231 0.3125 0.27163461538461536
0 0.20072115384615385 0.5793269230769231 0.3317307692307692 0.29086538461538464
0 0.8581730769230769 0.5432692307692307 0.27884615384615385 0.3173076923076923
0 0.5336538461538461 0.6802884615384616 0.30288461538461536 0.25721153846153844
0 0.21634615384615385 0.7920673076923077 0.34134615384615385 0.31009615384615385
0 0.859375 0.7584134615384616 0.2764423076923077 0.30528846153846156
0 0.5588942307692307 0.8605769230769231 0.31971153846153844 0.27403846153846156
0 0.5180288461538461 0.09735576923076923 0.31009615384615385 0.19471153846153846
0 0.8689903846153846 0.8894230769230769 0.25721153846153844 0.11057692307692307
0 0.18269230769230768 0.18990384615384615 0.34375 0.28846153846153844
0 0.7932692307692307 0.09014423076923077 0.2403846153846154 0.18028846153846154
0 0.5168269230769231 0.2704326923076923 0.34615384615384615 0.3076923076923077
0 0.18509615384615385 0.38221153846153844 0.31971153846153844 0.2644230769230769