0 0.125 0.6057692307692307 0.25 0.27884615384615385
0 0.7764423076923077 0.453125 0.28846153846153844 0.2548076923076923
0 0.41947115384615385 0.5192307692307693 0.3076923076923077 0.23798076923076922
0 0.7896634615384616 0.2848557692307692 0.3004807692307692 0.2548076923076923
0 0.4206730769230769 0.3317307692307692 0.2620192307692308 0.21394230769230768
0 0.12980769230769232 0.3798076923076923 0.25961538461538464 0.2644230769230769
0 0.7908653846153846 0.10817307692307693 0.30288461538461536 0.21634615384615385
0 0.453125 0.13942307692307693 0.3485576923076923 0.27884615384615385
0 0.12860576923076922 0.17668269230769232 0.25721153846153844 0.24278846153846154
0 0.16826923076923078 0.9375 0.1971153846153846 0.1201923076923077
0 0.4110576923076923 0.8918269230769231 0.3269230769230769 0.21153846153846154
0 0.7632211538461539 0.8413461538461539 0.31009615384615385 0.22115384615384615
0 0.9735576923076923 0.7512019230769231 0.04807692307692308 0.21875
0 0.7415865384615384 0.9399038461538461 0.23557692307692307 0.08173076923076923
0 0.140625 0.8016826923076923 0.21394230769230768 0.22355769230769232
0 0.7644230769230769 0.6694711538461539 0.3076923076923077 0.28365384615384615
0 0.41346153846153844 0.7139423076923077 0.34375 0.2548076923076923
0 0.9747596153846154 0.5625 0.04567307692307692 0.18269230769230768