0 0.8798076923076923 0.4411057692307692 0.23557692307692307 0.2764423076923077
0 0.15264423076923078 0.4879807692307692 0.28125 0.23798076923076922
0 0.5480769230769231 0.47836538461538464 0.31009615384615385 0.21394230769230768
0 0.13341346153846154 0.6694711538461539 0.2548076923076923 0.23798076923076922
0 0.5144230769230769 0.6802884615384616 0.25961538461538464 0.1971153846153846
0 0.8521634615384616 0.6862980769230769 0.29086538461538464 0.25240384615384615
0 0.11658653846153846 0.8786057692307693 0.2091346153846154 0.23798076923076922
0 0.44711538461538464 0.8762019230769231 0.35096153846153844 0.24278846153846154
0 0.8269230769230769 0.890625 0.30528846153846156 0.19951923076923078
0 0.8966346153846154 0.06490384615384616 0.1778846153846154 0.12980769230769232
0 0.6286057692307693 0.08533653846153846 0.3245192307692308 0.17067307692307693
0 0.23197115384615385 0.09014423076923077 0.31971153846153844 0.17307692307692307
0 0.8930288461538461 0.22115384615384615 0.1971153846153846 0.21875
0 0.203125 0.25841346153846156 0.3004807692307692 0.2692307692307692
0 0.5877403846153846 0.2692307692307692 0.3485576923076923 0.2283653846153846