0 0.08533653846153846 0.45552884615384615 0.17067307692307693 0.25961538461538464
0 0.7824519230769231 0.4795673076923077 0.27403846153846156 0.22596153846153846
0 0.390625 0.4831730769230769 0.3004807692307692 0.20192307692307693
0 0.8317307692307693 0.65625 0.28846153846153844 0.22355769230769232
0 0.43149038461538464 0.6826923076923077 0.25240384615384615 0.1875
0 0.11778846153846154 0.6995192307692307 0.23557692307692307 0.23557692307692307
0 0.8653846153846154 0.8737980769230769 0.25961538461538464 0.24519230769230768
0 0.5060096153846154 0.8786057692307693 0.33653846153846156 0.23557692307692307
0 0.13822115384615385 0.9026442307692307 0.2764423076923077 0.1875
0 0.057692307692307696 0.07211538461538461 0.11538461538461539 0.14423076923076922
0 0.29927884615384615 0.08774038461538461 0.3125 0.17307692307692307
0 0.6911057692307693 0.08413461538461539 0.31009615384615385 0.16826923076923078
0 0.9615384615384616 0.11778846153846154 0.0673076923076923 0.22115384615384615
0 0.0673076923076923 0.24158653846153846 0.1346153846153846 0.20673076923076922
0 0.7259615384615384 0.2536057692307692 0.28846153846153844 0.2548076923076923
0 0.34375 0.27884615384615385 0.33653846153846156 0.21634615384615385
0 0.9795673076923077 0.32091346153846156 0.03365384615384615 0.1875